== baseline (prescan + oracle + ladder + fused parallel gen)
 28        89270        89022      248        0      121         58       122311      0.08    1142878
 29       156360       156080      280        0      123        223       219295      0.08    1984772
 30       293840       293014      826        0      462        160       433560      0.28    1033329
 31       522913       521730     1183        0      749        267       790058      0.40    1302607
== no NF-prescan
 28        89270        89022      248        0      121         58       122311      0.08    1052893
 29       156360       156080      280        0      123        223       219295      0.09    1817499
 30       293840       293014      826        0      462        160       433560      0.26    1109625
 31       522913       521730     1183        0      749        267       790058      0.39    1325408
== no oracle prefilter
 28        89270        89022      248        0      248         58       122311      0.22     411041
 29       156360       156080      280        0      280        223       219295      0.22     701576
 30       293840       293014      826        0      826        160       433560      0.80     368852
 31       522913       521730     1183        0     1183        267       790058      0.76     688721
== neither
 28        89270        89022      248        0      248         58       122311      0.25     358596
 29       156360       156080      280        0      280        223       219295      0.24     659380
 30       293840       293014      826        0      826        160       433560      0.73     401429
 31       522913       521730     1183        0     1183        267       790058      0.70     744392
== budget1=16
 28        89270        89022      248        0      121         58       122311      0.08    1062943
 29       156360       156080      280        0      123        223       219295      0.08    1967826
 30       293840       293014      826        0      462        160       433560      0.30     975183
 31       522913       521730     1183        0      749        267       790058      0.41    1267859
== budget1=512
 28        89270        89022      248        0      121         58       122311      0.07    1194811
 29       156360       156080      280        0      123        223       219295      0.08    1998885
 30       293840       293014      826        0      462        160       433560      0.30     988885
 31       522913       521730     1183        0      749        267       790058      0.41    1288351
== single task chunk (serialized generation, parallel ladder only)
 28        89270        89022      248        0      121         58       122311      0.66     134655
 29       156360       156080      280        0      123        223       219295      0.59     263580
 30       293840       293014      826        0      462        160       433560      2.50     117683
 31       522913       521730     1183        0      749        267       790058      3.24     161194
