  n       closed         halt  diverge  unknown    escal    max|nf|   beta_total    time_s    terms/s
  4            1            1        0        0        0          4            0      0.00     247402
    verify: max|nf| matches BBλ(4)
  5            0            0        0        0        0          0            0      0.00          0
  6            1            1        0        0        0          6            0      0.00     857633
  7            1            1        0        0        0          7            0      0.00    1499250
  8            2            2        0        0        0          8            0      0.00     110096
  9            1            1        0        0        0          9            0      0.00     307692
 10            6            6        0        0        0         10            2      0.00      64142
 11            5            5        0        0        0         11            1      0.00      48524
 12           13           13        0        0        0         12            5      0.00      86547
 13           14           14        0        0        0         13            7      0.00      82272
 14           37           37        0        0        0         14           20      0.00     161807
 15           44           44        0        0        0         15           21      0.00     185068
 16          101          101        0        0        0         16           70      0.00     295465
 17          134          134        0        0        0         17           96      0.00     508057
 18          298          297        1        0        0         18          235      0.00     987572
 19          431          431        0        0        0         19          344      0.00    1178265
 20          883          882        1        0        0         20          825      0.00    1790922
    verify: count matches A114852
    verify: max|nf| matches BBλ(20)
 21         1361         1361        0        0        0         22         1286      0.00    3021926
    verify: max|nf| matches BBλ(21)
 22         2736         2729        7        0        0         24         2834      0.00    5712902
 23         4405         4405        0        0        0         26         4664      0.00    7684256
 24         8574         8549       25        0       10         30         9890      0.01     571718
    verify: count matches A114852
 25        14334        14311       23        0       11         42        16868      0.01    1715953
 26        27465        27400       65        0       20         52        34702      0.01    2013237
    verify: max|nf| matches BBλ(26)
 27        47146        47101       45        0       20         44        60969      0.02    3054594
 28        89270        89022      248        0      121         58       122311      0.07    1280067
    verify: count matches A114852
 29       156360       156080      280        0      123        223       219295      0.07    2102853
    verify: max|nf| matches BBλ(29)
 30       293840       293014      826        0      462        160       433560      0.26    1142430
 31       522913       521730     1183        0      749        267       790058      0.39    1326424
 32       978447       975507     2935        5     1796        298      1544660      2.79     351047
    unknown: 01000110100001100110000110001110
    unknown: 01000110100001011001100011000110
    unknown: 01000110100001011001100000111010
    unknown: 01000110100001011001011000101010
    unknown: 01000110001100001011010000110110
    verify: count matches A114852
    verify: max|nf| matches BBλ(32)
 33      1761907      1757787     4118        2     2441       1812      2849317      3.01     585728
    unknown: 010001101000011000000110011110110
    unknown: 010001011010100000011100101101010
    verify: max|nf| matches BBλ(33)
 34      3288605      3278660     9930       15     6538     327686      5920121      7.90     416405
    unknown: 0001000110100001100110000110001110
    unknown: 0001000110100001011001100011000110
    unknown: 0001000110100001011001100000111010
    unknown: 0001000110100001011001011000101010
    unknown: 0001000110001100001011010000110110
    unknown: 0100011010000001100101110110011010
    unknown: 0100011010000001110000111001111010
    unknown: 0100011010000001011010010111010110
    unknown: 0100011010000110010110000110001010
    unknown: 0100010110101000000111001011010110
    unknown: 0100010110101000000111001011011010
    unknown: 0100010110101000000111001011101010
    unknown: 0100010110101000000101110100111010
    unknown: 0100010110011010100000011100110110
    unknown: 0100010101101010100000011100110110
    verify: max|nf| matches BBλ(34)
 35      5977863      5961400    16431       32    11225      98421     10320756     34.07     175450
    unknown: 00010001101000011000000110011110110
    unknown: 00010001011010100000011100101101010
    unknown: 01000110100000011001011101100110110
    unknown: 01000110100000011001011101100111010
    unknown: 01000110100000010111001011010110110
    unknown: 01000110100001100001011000100111010
    unknown: 01000110100001100001011000001111010
    unknown: 01000110100001100001010110001011010
    unknown: 01000110100001100110000001100111010
    unknown: 01000110100001100110000110000011110
    unknown: 01000110100001100110000101100010110
    unknown: 01000110100001100100010110101000110
    unknown: 01000110100001100101100000011101010
    unknown: 01000110100001100101100001100011010
    unknown: 01000110100001100101011000100011010
    unknown: 01000110100001100101011000110001010
 36     11148652     11112178    36403       71    25268    1441774     20383062     47.58     234324
    unknown: 000001000110100001100110000110001110
    unknown: 000001000110100001011001100011000110
    unknown: 000001000110100001011001100000111010
    unknown: 000001000110100001011001011000101010
    unknown: 000001000110001100001011010000110110
    unknown: 000100011010000001100101110110011010
    unknown: 000100011010000001110000111001111010
    unknown: 000100011010000001011010010111010110
    unknown: 000100011010000110010110000110001010
    unknown: 000100010110101000000111001011010110
    unknown: 000100010110101000000111001011011010
    unknown: 000100010110101000000111001011101010
    unknown: 000100010110101000000101110100111010
    unknown: 000100010110110100000011100101101010
    unknown: 000100010110011010100000011100110110
    unknown: 000100010101101010100000011100110110
    verify: count matches A114852
 37     20414058     20352040    61911      107    44054    4290711     37433357     90.65     225208
    unknown: 0000010001101000011000000110011110110
    unknown: 0000010001011010100000011100101101010
    unknown: 0001000110100000011001011101100110110
    unknown: 0001000110100000011001011101100111010
    unknown: 0001000110100000010111001011010110110
    unknown: 0001000110100001100001011011100111010
    unknown: 0001000110100001100001011000100111010
    unknown: 0001000110100001100001011000001111010
    unknown: 0001000110100001100001011110011101010
    unknown: 0001000110100001100001010110001011010
    unknown: 0001000110100001100110000001100111010
    unknown: 0001000110100001100110000110000011110
    unknown: 0001000110100001100110000101100010110
    unknown: 0001000110100001100100010110101000110
    unknown: 0001000110100001100101100000011101010
    unknown: 0001000110100001100101100001100011010
 38     38071898     37940976   130533      389    96100  222333282     93522823    166.40     228796
    unknown: 00000001000110100001100110000110001110
    unknown: 00000001000110100001011001100011000110
    unknown: 00000001000110100001011001100000111010
    unknown: 00000001000110100001011001011000101010
    unknown: 00000001000110001100001011010000110110
    unknown: 00000100011010000001100101110110011010
    unknown: 00000100011010000001110000111001111010
    unknown: 00000100011010000001011010010111010110
    unknown: 00000100011010000110010110000110001010
    unknown: 00000100010110101000000111001011010110
    unknown: 00000100010110101000000111001011011010
    unknown: 00000100010110101000000111001011101010
    unknown: 00000100010110101000000101110100111010
    unknown: 00000100010110110100000011100101101010
    unknown: 00000100010110011010100000011100110110
    unknown: 00000100010101101010100000011100110110
 39     70125402     69896747   227936      719   169921   10263449    142159030    422.68     165906
    unknown: 000000010001101000011000000110011110110
    unknown: 000000010001011010100000011100101101010
    unknown: 000001000110100000011001011101100110110
    unknown: 000001000110100000011001011101100111010
    unknown: 000001000110100000010111001011010110110
    unknown: 000001000110100001100001011011100111010
    unknown: 000001000110100001100001011000100111010
    unknown: 000001000110100001100001011000001111010
    unknown: 000001000110100001100001011110011101010
    unknown: 000001000110100001100001010110001011010
    unknown: 000001000110100001100110000001100111010
    unknown: 000001000110100001100110000110000011110
    unknown: 000001000110100001100110000101100010110
    unknown: 000001000110100001100100010110101000110
    unknown: 000001000110100001100101100000011101010
    unknown: 000001000110100001100101100001100011010
 40    130880047    130411961   466523     1563   352736  222333284    329282346    798.79     163848
    unknown: 0000000001000110100001100110000110001110
    unknown: 0000000001000110100001011001100011000110
    unknown: 0000000001000110100001011001100000111010
    unknown: 0000000001000110100001011001011000101010
    unknown: 0000000001000110001100001011010000110110
    unknown: 0000000100011010000001100101110110011010
    unknown: 0000000100011010000001110000111001111010
    unknown: 0000000100011010000001011010010111010110
    unknown: 0000000100011010000110010110000110001010
    unknown: 0000000100010110101000000111001011010110
    unknown: 0000000100010110101000000111001011011010
    unknown: 0000000100010110101000000111001011101010
    unknown: 0000000100010110101000000101110100111010
    unknown: 0000000100010110110100000011100101101010
    unknown: 0000000100010110011010100000011100110110
    unknown: 0000000100010101101010100000011100110110
