000100010110110100000011100101101010
010000011100011100001011010000110110
010000011101100001011001011000101010
010000011101100001011001100000111010
010001011000110100001011010000110110
010001011010100000010101101000111010
010001011010100000010110110000110110
010001011010100000010111010000110110
010001011010100000011100101101010
0100010110101000000111001011011010
01000101101010000001110011001110110
01000101101010000001110011100110110
01000101101010000001110011100111010
010001011010100001011001100000111010
010001011010100001011001100011000110
010001011010100001100110000110001110
010001100001100111000110000101101010
010001100011000010101101000011011010
01000110011000000110011101000011010
010001100110100001011001100000111010
010001100110100001011001100011000110
010001100110100001100110000110001110
010001101000000101011100010110011010
010001101000000101110011011001110110
010001101000000110010111011001100010
010001101000000111001100101110110110
010001101000010000011100110110011010
010001101000010000011100111010011010
010001101000010001011010011101000110
010001101000010001101001011000001010
010001101000010001110011010011000110
010001101000010101100101100010101010
01000110100001011000000110011101010
010001101000010110000001110011011010
010001101000010110000110011000111010
01000110100001011000100001100111010
010001101000010110001100101101000110
010001101000010110010110000000101010
010001101000010110010110001010011010
01000110100001011001011000110100010
010001101000010110010110011000101010
01000110100001011001100000111000110
010001101000010110011000001110011010
01000110100001011001100000111010
010001101000010110011000110000110110
01000110100001011001100011000110
010001101000010110011001011000101010
010001101000010110011001100000111010
010001101000010110011001100011000110
01000110100001100001010110001011010
01000110100001100001011000001111010
01000110100001100001011000100111010
010001101000011000010110011000111010
010001101000011000011001011000111010
010001101000011000011001110011000110
01000110100001100100010110101000110
010001101000011001000101101101000110
010001101000011001000101110101000110
01000110100001100101011000100011010
01000110100001100101011000110001010
01000110100001100101100000011101010
010001101000011001011000011000001010
01000110100001100101100001100011010
010001101000011001011001011000101010
010001101000011001011001100110001010
01000110100001100110000001100111010
010001101000011001100000011001111010
010001101000011001100000011100110110
010001101000011001100000011100111010
01000110100001100110000101100010110
01000110100001100110000110000011110
01000110100001100110000110001110
010001101000011001100110000110001110
01000110100100011010000001100111010
01000110100100011010000001110011010
