# x |x| K_N count nontrivial_mass_2^-64 min_program
0010 4 4 24012201 73801962323181568 0001001010
000010 6 6 23856015 40829505027178496 000001001010
0000110 7 7 10285961 18634815234375680 0000010010110
00000010 8 8 16969045 17637622235004928 00000001001010
00011010 8 8 6550274 12347994292617216 00010001101010
000000110 9 9 7270833 7944632776261632 000000010010110
0000000010 10 10 9521144 6587859611942912 0000000001001010
0000011010 10 10 4716190 4837797961662464 0000010001101010
0001100010 10 10 4574061 4707258898317312 0001000110001010
0000001110 10 10 3744382 4092848576135168 0000000100101110
00000000110 11 11 4325191 3033226918494208 00000000010010110
00011000110 11 11 2197713 2346385160536064 00010001100011010
000000000010 12 12 4672479 2246244625809408 000000000001001010
00000111010 11 11 2144843 2122775623892992 00000100100111010
00000110110 11 11 2115022 2108948840710144 00000100100110110
000001100010 12 12 2861778 1760605685940224 000001000110001010
000000011010 12 12 2715116 1734644177305600 000000010001101010
000110000010 12 12 2551249 1691715022880768 000100011000001010
000001110110 12 12 1602546 1527882790731776 00000100011010110
000101101010 12 12 1419754 1460828041641984 000100010110101010
000110011010 12 12 1414138 1459706333757440 000100011001101010
000000001110 12 12 2057355 1446951421739008 000000000100101110
0000000000110 13 13 2292848 1053903193899008 0000000000010010110
0000011100010 13 13 1549569 890361174032384 0000010001100010110
0000011000110 13 13 1360327 829433296453632 0000010001100011010
0000000011110 13 13 1227366 806430365974528 0000000001001011110
0001100000110 13 13 1132514 752939668865024 0001000110000011010
0000000111010 13 13 1241543 752136954576896 0000000100100111010
0000000110110 13 13 1213178 744808557576192 0000000100100110110
00000000000010 14 14 2111091 718553674153984 00000000000001001010
00000001100010 14 14 1493156 593536789512192 00000001000110001010
00000110000010 14 14 1439353 587617896759296 00000100011000001010
00000000011010 14 14 1383875 578481956061184 00000000010001101010
00011000000010 14 14 1312207 565889992753152 00010001100000001010
00000000001110 14 14 1118694 518091494653952 00000000000100101110
00000101101010 14 14 899021 497296403857408 00000100010110101010
00000110011010 14 14 898522 497158822297600 00000100011001101010
00000001110110 14 14 882029 496123651293184 0000000100011010110
00010110100010 14 14 790752 469276968353792 00010001011010001010
00010110001010 14 14 810510 459702655778816 00010001011000101010
00011001100010 14 14 809798 458395232501760 00010001100110001010
00011000011010 14 14 767521 440542865391616 00010001100001101010
00011000001110 14 14 703851 423565270712320 00010001100000111010
00000110001110 14 14 663902 392513655406592 00000100100110001110
00000001101110 14 14 683397 387327549505536 00000001001001101110
00000001111010 14 14 679993 386924762103808 00000001001001111010
00000111000110 14 14 612407 364710696321024 00000100100111000110
000000000000110 15 15 1060838 340693079818240 000000000000010010110
000001110000010 15 15 770434 293797665701888 000001000110000010110
000000011100010 15 15 769216 289434801012736 000000010001100010110
000000011000110 15 15 696433 275705728335872 000000010001100011010
000001100000110 15 15 649509 264313403080704 000001000110000011010
000110000000110 15 15 614349 261347895934976 000100011000000011010
000001110001110 15 15 512504 259131759919104 00000100011000110110
000000000011110 15 15 596899 257368382242816 000000000001001011110
000000000111010 15 15 628307 252949078999040 000000000100100111010
000000000110110 15 15 611016 250375865106432 000000000100100110110
0001011010011010 16 16 377816 247722414178304 000100011010011010
000110011000110 15 15 439856 240887502209024 000100011001100011010
000101100011010 15 15 437403 240610728476672 000100010110001101010
000101101000110 15 15 408215 231529775104000 000100010110100011010
000110000111010 15 15 396761 219541799960576 000100011000011101010
0000000000000010 16 16 846962 218976575553536 0000000000000001001010
000001011010110 15 15 398321 212640735428608 000001001001011010110
000001110011010 15 15 397889 212584330428416 000001001001110011010
000110000110110 15 15 372874 206174586667008 000100011000011011010
000001100110110 15 15 365876 198440776630272 000001001001100110110
000001011101010 15 15 365912 198432278970368 000001001001011101010
000001100111010 15 15 365311 198354013257728 000001001001100111010
000001011011010 15 15 364021 198231455694848 000001001001011011010
000000011101110 15 15 366604 197042009800704 00000100001100110110
000000011110110 15 15 365916 197001878700032 00000100001100111010
0000000111101110 16 16 384849 188508647981056 00000001000110101110
0000000110000010 16 16 638327 187051219615744 0000000100011000001010
0000000001100010 16 16 645504 186884932239360 0000000001000110001010
0000011000000010 16 16 613263 184520426913792 0000010001100000001010
0000000000011010 16 16 597408 182110119788544 0000000000010001101010
0001011000100010 16 16 510670 179255979802624 000100010111010100010
0001100000000010 16 16 571943 178715694727168 0001000110000000001010
0000000000001110 16 16 535604 172229438472192 0000000000000100101110
0000000101101010 16 16 430518 160034977742848 0000000100010110101010
0000000110011010 16 16 430482 160025280512000 0000000100011001101010
0000010110100010 16 16 431874 158012626960384 0000010001011010001010
0000000001110110 16 16 419028 157386979409920 000000000100011010110
0000010110001010 16 16 442834 156624069066752 0000010001011000101010
0000011001100010 16 16 440219 156182199140352 0000010001100110001010
0000000111100010 16 16 437009 154093653852160 0000000100011000101110
0001010110101010 16 16 289072 150974886838272 0001000101011010101010
0001100110011010 16 16 286975 150749661102080 0001000110011001101010
0001100101101010 16 16 285402 150356101169152 0001000110010110101010
0001011001101010 16 16 283955 150208797212672 0001000101100110101010
0001011010000010 16 16 373116 149454728462336 0001000101101000001010
0000011000011010 16 16 405239 148960748503040 0000010001100001101010
0001100001110110 16 16 292999 148582321618944 000110000100011010110
0001100001100010 16 16 411584 148218306363392 0001000110000110001010
0001100110000010 16 16 381393 147995555266560 0001000110011000001010
0001011000001010 16 16 380283 147896410308608 0001000101100000101010
0000000000111110 16 16 372782 147158850338816 0000000000010010111110
0001100000011010 16 16 375384 144996627906560 0001000110000001101010
0000011000001110 16 16 355584 139426508308480 0000010001100000111010
0000011100000110 16 16 351111 135170514485248 0000010001100000110110
0000010111011010 16 16 272947 134107979841536 000001010001101011010
0000011001110110 16 16 272269 134015948423168 000001100100011010110
0000000110001110 16 16 317261 126757277532160 0000000100100110001110
0000000001111010 16 16 321445 125980576317440 0000000001001001111010
0000000001101110 16 16 316413 124174483849216 0000000001001001101110
0001100000001110 16 16 296183 124118590554112 0001000110000000111010
0000000111000110 16 16 298025 119643796668416 0000000100100111000110
0000010110110110 16 16 207516 105546103390208 0000010001011101010110
0000011100111010 16 16 206921 105481611771904 0000010001100110110110
0000010111010110 16 16 206101 105366335520768 0000010001011011010110
0000011100110110 16 16 206110 105362443206656 0000010001100111010110
00000000000000110 17 17 434393 104313791709184 00000000000000010010110
00000101110110110 17 17 231197 102861069352960 000001000101101010110
00000111001110110 17 17 229165 102634123952128 000001000110011010110
00000111000000010 17 17 324055 91682360000512 00000100011000000010110
00000001110000010 17 17 326649 90770384093184 00000001000110000010110
00000000011100010 17 17 323801 89932613812224 00000000010001100010110
00000000011000110 17 17 298755 86746704379904 00000000010001100011010
00000110000000110 17 17 292029 85970808471552 00000100011000000011010
00000001100000110 17 17 293830 85239246356480 00000001000110000011010
00011000000000110 17 17 279509 84229559943168 00010001100000000011010
00000000000011110 17 17 258432 81009768923136 00000000000001001011110
00000000000111010 17 17 274913 80540090761216 00000000000100100111010
00000000000110110 17 17 266699 79802899890176 00000000000100100110110
00000001110001110 17 17 231073 79548355969024 0000000100011000110110
00011000000110110 17 17 199604 78376358379520 010001101000000110110
00000110011000110 17 17 215677 77507583803392 00000100011001100011010
00000101100011010 17 17 215158 77417892806656 00000100010110001101010
00011000011100010 17 17 214035 77218596257792 00010001100001110001010
00000101101000110 17 17 202872 74972764569600 00000100010110100011010
00000111000011010 17 17 213108 74959275687936 00000100011000011010110
00000101110001010 17 17 216474 74341387599872 00000100100101110001010
00000110011100010 17 17 216007 74311792590848 00000100100110011100010
00010110001100010 17 17 192013 73959739490304 00010001011000110001010
000001011010011010 18 18 207864 73806429290496 00000100011010011010
00011000000011110 17 17 184336 73566523490304 00010001100000001111010
00000110000111010 17 17 191780 70991187279872 00000100011000011101010
00000101100010110 17 17 204751 70535241269248 00000100100101100010110
00000111001100010 17 17 204536 70524780675072 00000100100111001100010
00010110001000110 17 17 182592 70039910744064 00010001011000100011010
00000110000011110 17 17 176681 69435024998400 00000100100110000011110
00011000011000110 17 17 184584 69152488292352 00010001100001100011010
00010110100000110 17 17 165303 68706197569536 00010001011010000011010
00000001100011110 17 17 180570 68670764089344 00000001001001100011110
00000001110011010 17 17 187758 67926702948352 00000001001001110011010
00000001011010110 17 17 186832 67801033211904 00000001001001011010110
00000101101100010 17 17 188905 67700336361472 00000100011000100110110
00000101110100010 17 17 188900 67698012717056 00000100011000100111010
00000000011011110 17 17 180472 67410795167744 00000000010010011011110
00000110000110110 17 17 182003 67389739761664 00000100011000011011010
00000000011111010 17 17 179591 67299579002880 00000000010010011111010
00011001100000110 17 17 164931 66868714930176 00010001100110000011010
00010110000011010 17 17 164980 66835420545024 00010001011000001101010
00000001011101010 17 17 176726 64194250539008 00000001001001011101010
000000000000000010 18 18 330617 64193059356672 000000000000000001001010
00000001100110110 17 17 175595 64052239794176 00000001001001100110110
00011000000111010 17 17 171188 64027417903104 00010001100000011101010
00000001100111010 17 17 175178 64026151223296 00000001001001100111010
00000001011011010 17 17 174869 63994207404032 00000001001001011011010
00000000011101110 17 17 166530 62437634080768 0000000100001100110110
00000000011110110 17 17 166208 62416444456960 0000000100001100111010
00000111000001110 17 17 157352 62169651609600 00000100100111000001110
00000001111000110 17 17 159507 61282950578176 00000001001001111000110
000001011000100010 18 18 240720 58224254386176 00000100010111010100010
000000000110000010 18 18 261418 56327288127488 000000000100011000001010
000000011000000010 18 18 257825 56116625014784 000000010001100000001010
000000000001100010 18 18 260923 56071955677184 000000000001000110001010
000001100000000010 18 18 249823 55420781592576 000001000110000000001010
000000000000001110 18 18 233570 55369812410368 000000000000000100101110
000000000000011010 18 18 245153 54806416719872 000000000000010001101010
000000000111101110 18 18 164425 54710753034240 0000000001000110101110
000110000000000010 18 18 236796 53970659704832 000100011000000000001010
000101100000100010 18 18 190737 50486652698624 000100010110000010001010
000101100010000010 18 18 188312 50036008288256 000100010110001000001010
000001011101100010 18 18 153994 49626962984960 00000100010110100010110
000000010110100010 18 18 190871 49231188459520 000000010001011010001010
000000000110011010 18 18 189785 49120173621248 000000000100011001101010
000000000101101010 18 18 189596 49118932107264 000000000100010110101010
000000010110001010 18 18 197130 48988321480704 000000010001011000101010
000000011001100010 18 18 195968 48872508358656 000000010001100110001010
000001011010000010 18 18 179965 48231216054272 000001000101101000001010
000000000001110110 18 18 177413 48146415616000 00000000000100011010110
000001100110000010 18 18 186138 48118859038720 000001000110011000001010
000001011000001010 18 18 185909 48087041048576 000001000101100000101010
000001100001100010 18 18 191155 47761537892352 000001000110000110001010
000000011110000010 18 18 182758 47528628191232 000000010001100000101110
000001010110101010 18 18 153706 47023533326336 000001000101011010101010
000001100110011010 18 18 153009 46971356184576 000001000110011001101010
000001100101101010 18 18 152216 46869006778368 000001000110010110101010
000001011001101010 18 18 151585 46820344463360 000001000101100110101010
000000011000011010 18 18 180857 46705437310976 000000010001100001101010
000001100000011010 18 18 176024 46445524680704 000001000110000001101010
000110000001100010 18 18 177063 46238074404864 000100011000000110001010
000110000110000010 18 18 173503 46026975084544 000100011000011000001010
000000000111100010 18 18 175084 46025238642688 000000000100011000101110
000101101000000010 18 18 159196 46004384563200 000100010110100000001010
000101100000001010 18 18 166124 45882649083904 000100010110000000101010
000110011000000010 18 18 165018 45778957500416 000100011001100000001010
000101100011000110 18 18 134088 45481715564544 0001000101110101000110
000110000000011010 18 18 165360 45224311128064 000100011000000001101010
000001100001110110 18 18 135890 45210033717248 00000110000100011010110
000001110011100010 18 18 142796 44270316683264 00000100011001100010110
000001011100010110 18 18 142268 44181892366336 00000100010110001010110
000000000000111110 18 18 143939 43771630714880 000000000000010010111110
000000011000001110 18 18 158524 43499864981504 000000010001100000111010
000101011010100010 18 18 124683 43369958998016 000100010101101010001010
000101100110100010 18 18 124318 43336421343232 000100010110011010001010
000001110000000110 18 18 161086 43218360074240 000001000110000000110110
000101011010001010 18 18 122974 42247731019776 000100010101101000101010
000110010110100010 18 18 122743 42229712289792 000100011001011010001010
000000011100000110 18 18 156119 42101492416512 000000010001100000110110
000001110000011110 18 18 128317 42003186319360 00000100011000001110110
00010110001001100010 20 20 123952 41838761213952 00010001101001100010
000101100110001010 18 18 125161 41096595898368 000100010110011000101010
000110011001100010 18 18 124263 41008381296640 000100011001100110001010
000110010110001010 18 18 123637 40937581445120 000100011001011000101010
000101011000101010 18 18 123523 40923396308992 000100010101100010101010
000000010111011010 18 18 123985 40862092361728 00000001010001101011010
000000011001110110 18 18 123347 40823555096576 00000001100100011010110
000001100000001110 18 18 137998 40237644382208 000001000110000000111010
000000000001111010 18 18 144384 39891152928768 000000000001001001111010
000101101000011010 18 18 110934 39846676529152 000100010110100001101010
000000000110001110 18 18 139747 39712056147968 000000000100100110001110
000110000110011010 18 18 117237 39699397738496 000100011000011001101010
000110000101101010 18 18 117147 39699154468864 000100011000010110101010
000110000001110110 18 18 113133 39510201073664 00011000000100011010110
000110000000001110 18 18 130935 39440600793088 000100011000000000111010
000101100010011010 18 18 114310 39267636084736 000100010110001001101010
000101101001100010 18 18 114261 39265832534016 000100010110100110001010
000110011000001110 18 18 112307 39085720731648 000100011001100000111010
000101100000111010 18 18 110852 38939708620800 000100010110000011101010
000000000001101110 18 18 136652 38864219537408 000000000001001001101110
000000000111000110 18 18 134063 37909285568512 000000000100100111000110
000110011000011010 18 18 105988 37499510456320 000100011001100001101010
000101100001101010 18 18 105809 37470267768832 000100010110000110101010
000101101000001110 18 18 100406 36811300667392 000100010110100000111010
000110000001111010 18 18 104371 36482358181888 000100011000000111101010
000110000110001110 18 18 100446 35276395118592 000100011000011000111010
000000010110101110 18 18 105154 34715071414272 000000010010010110101110
000000011110011010 18 18 104937 34708704460800 000000010010011110011010
000110000001101110 18 18 96793 34378025533440 000100011000000110111010
000001011010001110 18 18 98321 34261549711360 000001001001011010001110
000000011100011110 18 18 97003 33722472595456 00000100001100110001110
000001011000110110 18 18 100948 33720023121920 000001001001011000110110
000001110011000110 18 18 100882 33717514928128 000001001001110011000110
000000011100111010 18 18 101166 33306498301952 000000010001100110110110
000001100110001110 18 18 96343 33297019174912 000001001001100110001110
000001011000111010 18 18 96204 33277809262592 000001001001011000111010
000000011100110110 18 18 100832 33273606569984 000000010001100111010110
000000010110110110 18 18 100505 33248021315584 000000010001011101010110
000000010111010110 18 18 100404 33239146168320 000000010001011011010110
000000000111110110 18 18 95273 32951140089856 00000001000011001111010
000000011001101110 18 18 99435 32869216944128 000000010010011001101110
000000011001111010 18 18 99309 32861155491840 000000010010011001111010
000000010111101010 18 18 99107 32831661146112 000000010010010111101010
000000010110111010 18 18 99071 32826577649664 000000010010010110111010
000001100001101110 18 18 98208 32819346669568 000001001001100001101110
000001100001111010 18 18 95846 32561522802688 000001001001100001111010
000000000111011110 18 18 93976 32192365330432 00000001000011001101110
000110000111000110 18 18 86383 31984537567232 000100011000011100011010
000000011110001110 18 18 92047 31937083211776 00000100001100111000110
000001011100011010 18 18 92514 31605280210944 000001001001011100011010
000001100111000110 18 18 92457 31603501826048 000001001001100111000110
000001110000111010 18 18 91888 30873348997120 000001001001110000111010
000001110000110110 18 18 91100 30778381565952 000001001001110000110110
000001011011000110 18 18 89014 30702129119232 000001001001011011000110
000001011101000110 18 18 88882 30686467588096 000001001001011101000110
0000000000000000110 19 19 180684 30627202072576 0000000000000000010010110
0000000101110110110 19 19 104139 29722708803584 00000001000101101010110
0000000111001110110 19 19 103895 29703549222912 00000001000110011010110
0000010111000100010 19 19 135360 29159136952320 000001000101111010100010
0000000111100011110 19 19 102206 29079361290240 00000001000110001101110
0000000000000011110 19 19 126230 28300705529856 01000110100000000011110
00010110100001110110 20 20 91611 27434002939904 000100011000110011010
0000011100000000010 19 19 142068 27421579411456 0000010001100000000010110
0000000111000000010 19 19 142201 27187847626752 0000000100011000000010110
0000000001110000010 19 19 141390 27032809373696 0000000001000110000010110
0000000000011100010 19 19 139425 26870741467136 0000000000010001100010110
0000000110000000110 19 19 135778 26338601730048 0000000100011000000011010
0000011000000000110 19 19 134067 26246276710400 0000010001100000000011010
0000000000011000110 19 19 132882 26136822153216 0000000000010001100011010
0000000001100000110 19 19 132758 25936644800512 0000000001000110000011010
0001100000000000110 19 19 128223 25664937787392 0001000110000000000011010
0000011000000110110 19 19 105517 25563729231872 00010001101000000110110
0000000000001111110 19 19 97341 25234493145088 0000000000000100101111110
0000000001111100010 19 19 109742 25234426036224 0000000001000110001011110
0000000001110001110 19 19 106060 24966569394176 000000000100011000110110
00010101101001101010 20 20 91068 24656585162752 0001010001101001101010
00011001011010011010 20 20 90517 24601052577792 0001100100011010011010
0000000000000111010 19 19 122691 24499349094400 0000000000000100100111010
0000000000000110110 19 19 120044 24310865461248 0000000000000100100110110
0000011000011100010 19 19 107328 23846446956544 0000010001100001110001010
0000000110011000110 19 19 107011 23785629548544 0000000100011001100011010
0000000101100011010 19 19 106557 23759356428288 0000000100010110001101010
0001100001110000010 19 19 103606 23734660366336 0001000110000111000001010
00000000011111011110 20 20 82230 23692197232640 00000000010001101011110
0000010110001100010 19 19 103292 23662644166656 0000010001011000110001010
0000011100001100010 19 19 108050 23648383533056 0000010001100001100010110
0001100001110001110 19 19 83486 23286289268736 000110000100011000110110
0000011100000011010 19 19 102234 23153036230656 0000010001100000011010110
0000000101101000110 19 19 101832 23126956048384 0000000100010110100011010
0000010111000001010 19 19 102762 22912241238016 0000010010010111000001010
0000011001110000010 19 19 102600 22906033668096 0000010010011001110000010
0000000111000011010 19 19 101530 22831467331584 0000000100011000011010110
0000000101110001010 19 19 103959 22768863150080 0000000100100101110001010
0001010110001101010 19 19 86305 22765398654976 0001000101011000110101010
0000000110011100010 19 19 103561 22752689913856 0000000100100110011100010
0000010110001000110 19 19 99423 22742304817152 0000010001011000100011010
0001100110011000110 19 19 85673 22673249796096 0001000110011001100011010
0001011001100011010 19 19 85520 22664055881728 0001000101100110001101010
0001100101100011010 19 19 85374 22654828412928 0001000110010110001101010
0000011100001111010 19 19 76018 22594438823936 000001000110000111010110
0000011000000011110 19 19 91481 22412506693632 0000010001100000001111010
0001011000110000010 19 19 89521 22391359012864 0001000101100011000001010
0000000111100000110 19 19 95420 22365555654656 0000000100011000001101110
0001100000011100010 19 19 95600 22254750531584 0001000110000001110001010
0000010110100000110 19 19 92444 22253550960640 0000010001011010000011010
0001100000000110110 19 19 90402 22242620604416 010001100011000000110110
00000101101100110110 20 20 64151 22181962579968 000001000110100110110
00000101110100111010 20 20 64130 22181316657152 000001000110100111010
0000010110000011010 19 19 94575 22123032608768 0000010001011000001101010
0000011000011000110 19 19 95985 22100240760832 0000010001100001100011010
0001100101101000110 19 19 81425 22058733928448 0001000110010110100011010
0001010110100011010 19 19 81421 22054967443456 0001000101011010001101010
0000000110000111010 19 19 94647 21982699585536 0000000100011000011101010
0000010110000010110 19 19 98240 21916169535488 0000010010010110000010110
0000011100110000010 19 19 98168 21914407927808 0000010010011100110000010
0000011001100000110 19 19 93053 21899719475200 0000010001100110000011010
0000000111001100010 19 19 98894 21768269987840 0000000100100111001100010
0000000101100010110 19 19 98712 21736871428096 0000000100100101100010110
0001010110101000110 19 19 77653 21668596547584 0001000101011010100011010
0001011001101000110 19 19 77543 21663789875200 0001000101100110100011010
0001100000011000110 19 19 90468 21579727634432 0001000110000001100011010
0001011000001000110 19 19 87205 21567857754112 0001000101100000100011010
0001011010000000110 19 19 84631 21558714171392 0001000101101000000011010
0001100110000000110 19 19 86940 21432952160256 0001000110011000000011010
0001011000000011010 19 19 86609 21389650165760 0001000101100000001101010
0001100110000111010 19 19 73980 21379273457664 0001000110011000011101010
0000010111000111010 19 19 76435 21276714336256 000001010001100011011010
0000011001110001110 19 19 75608 21203674726400 000001100100011000110110
00000001011010011010 20 20 97920 21182082449408 0000000100011010011010
0000000110000110110 19 19 90535 21030441582592 0000000100011000011011010
0000000001110011010 19 19 90711 21021792927744 0000000001001001110011010
0000010110110000010 19 19 90952 20994479620096 0000010001100000100110110
0000010111010000010 19 19 90922 20994169241600 0000010001100000100111010
0000000101110100010 19 19 92637 20971637440512 0000000100011000100111010
0000000110000011110 19 19 84379 20964641341440 0000000100100110000011110
0000000001011010110 19 19 90166 20962711961600 0000000001001001011010110
0000000101101100010 19 19 92467 20940406652928 0000000100011000100110110
0001011000100000110 19 19 80525 20926448009216 0001000101100010000011010
0001011000001100010 19 19 80181 20845883817984 0001000101100000110001010
0001100001100000110 19 19 84668 20783027978240 0001000110000110000011010
0001011000110011010 19 19 73421 20645589024768 0001000101100011001101010
0001011010011000110 19 19 73388 20644683055104 0001000101101001100011010
0000000001100011110 19 19 83155 20612403691520 0000000001001001100011110
0000011000000111010 19 19 88002 20610063269888 0000010001100000011101010
0000011100000001110 19 19 81055 20275064209408 0000010001100000001110110
0000000000011111010 19 19 81696 20219162525696 0000000000010010011111010
0000000000011011110 19 19 81550 20215345709056 0000000000010010011011110
0001100000000011110 19 19 75650 20189945004032 0001000110000000001111010
0001100000000111010 19 19 83249 20132231380992 0001000110000000011101010
0000011100001110110 19 19 68407 20097938751488 000001110000100011010110
0000000001011101010 19 19 85901 20026971127808 0000000001001001011101010
0001011000011101010 19 19 68469 19990791061504 0001000101100001110101010
0000000001100110110 19 19 85514 19984256335872 0000000001001001100110110
0000000001100111010 19 19 85297 19974886260736 0000000001001001100111010
0000000001011011010 19 19 85180 19966799642624 0000000001001001011011010
00010110000010000010 20 20 101048 19861346451456 00010001011101010000010
0000011100001101110 19 19 68206 19860012662784 000001000110000110110110
0000000001111101110 19 19 63364 19846045630464 00000100000011100111010
0000000001111011110 19 19 63174 19829335523328 00000100000011100110110
0000010101101010110 19 19 73007 19751573127168 0000010010010101101010110
0000011100101101010 19 19 72954 19750163841024 0000010010011100101101010
0000010110011010110 19 19 72817 19739904573440 0000010010010110011010110
0000011100110011010 19 19 72744 19737899696128 0000010010011100110011010
0000010111011000110 19 19 64922 19735483777024 000001010001101011000110
0001011010000110110 19 19 67770 19655792001024 0001000101101000011011010
0000000000011110110 19 19 79131 19556705763328 000000000100001100111010
0000000000011101110 19 19 78126 19429173755904 000000000100001100110110
0001011000011011010 19 19 66635 19152844619776 0001000101100001101101010
0000000111000001110 19 19 76349 19066274185216 0000000100100111000001110
0000000001111000110 19 19 74669 18674853347328 0000000001001001111000110
0001100110000110110 19 19 64041 18674693963776 0001000110011000011011010
0001011010000111010 19 19 62383 18582863872000 0001000101101000011101010
00000000000000000010 20 20 132293 18188414746624 00000000000000000001001010
0001100001110011010 19 19 62673 18047553241088 0001000110000111001101010
0001100001011010110 19 19 61579 17929106096128 0001000110000101101011010
0001100001100111010 19 19 61101 17921707343872 0001000110000110011101010
0000010111001101010 19 19 64642 17912077221888 0000010010010111001101010
0000011001011010110 19 19 64630 17910500163584 0000010010011001011010110
0000011001110011010 19 19 64565 17908763721728 0000010010011001110011010
0000010101101011010 19 19 64602 17907723534336 0000010010010101101011010
0000010110100111010 19 19 61772 17288996585472 0000010010010110100111010
0000010111010011010 19 19 61756 17288753315840 0000010010010111010011010
0000010110100110110 19 19 61751 17287016873984 0000010010010110100110110
0000011000011101110 19 19 59077 17286656163840 000001100100001100110110
0000010110110011010 19 19 61704 17285792137216 0000010010010110110011010
0000011000011110110 19 19 58988 17282361196544 000001100100001100111010
00000001011000100010 20 20 111798 17263553937408 0000000100010111010100010
0000010110001110110 19 19 61759 17209153814528 0000010001011100011010110
0000011100110001110 19 19 61683 17207014719488 0000010001100111000110110
0001100000011110110 19 19 57314 17103667068928 000110000100001100111010
0001100001100110110 19 19 58120 17004891209728 0001000110000110011011010
0000010101110101010 19 19 61222 17000529133568 0000010010010101110101010
0000011001100110110 19 19 61112 16994740994048 0000010010011001100110110
0000011001100111010 19 19 61011 16993893744640 0000010010011001100111010
0000011001011101010 19 19 60928 16986755039232 0000010010011001011101010
0000011001011011010 19 19 60859 16983584145408 0000010010011001011011010
0000010110011011010 19 19 60837 16979792494592 0000010010010110011011010
0001100001011101010 19 19 57726 16976906813440 0001000110000101110101010
0000010101101101010 19 19 60774 16976051175424 0000010010010101101101010
0000010110011101010 19 19 60777 16975975677952 0000010010010110011101010
0001100001011011010 19 19 57676 16970053320704 0001000110000101101101010
0001100000011101110 19 19 54950 16874129588224 000110000100001100110110
0000010111010001110 19 19 59509 16763391574016 0000010001011011000110110
0000010110110001110 19 19 59488 16762737262592 0000010001011101000110110
00000000000000001110 20 20 111235 16737487552512 00000000000000000100101110
0000011100111000110 19 19 57127 16523259281408 0000010001100110001110110
0000010111000110110 19 19 56972 16509854285824 0000010001011000111010110
00000000000110000010 20 20 110015 16255067095040 00000000000100011000001010
00000000011000000010 20 20 109776 16253188046848 00000000010001100000001010
00011000000111101110 20 20 60794 16231696433152 000110000001000110101110
0000000101111011010 19 19 56498 16210288705536 000001000001110100111010
00000001100000000010 20 20 108546 16184737005568 00000001000110000000001010
00000000000001100010 20 20 109073 16168412774400 00000000000001000110001010
0000000101110111010 19 19 55990 16152642191360 000001000001110100110110
00010110100101101010 20 20 65300 16149118976000 00010001100110110011010
0000000110011101110 19 19 55923 16149102198784 000001000001101100110110
0000000110011110110 19 19 55865 16147265093632 000001000001101100111010
00010110011010011010 20 20 64955 16135361658880 00010001011101010011010
00010101101010011010 20 20 65158 16132643749888 00010001011011010011010
00010110100110011010 20 20 64750 16117837856768 00010001100111010011010
00000110000000000010 20 20 106053 16018508349440 00000100011000000000001010
00000101100000100010 20 20 101516 15967446892544 00000100010110000010001010
00000000000000011010 20 20 104530 15865701466112 00000000000000010001101010
00000000000111101110 20 20 70441 15854502674432 000000000001000110101110
00000101100010000010 20 20 100137 15850669080576 00000100010110001000001010
00011000000000000010 20 20 101373 15658360242176 00010001100000000000001010
00000111001110001110 20 20 64070 15207254458368 000001000110011000110110
00000101110001110110 20 20 63862 15183841853440 000001000101100011010110
00010101100010001010 20 20 80177 14981953224704 0001010001011101010001010
00011001011000100010 20 20 80431 14981659623424 0001100100010111010100010
00000101110110001110 20 20 60883 14811404435456 000001000101101000110110
00000001100111101110 20 20 54974 14724758503424 000000011001000110101110
00000001011110111010 20 20 54967 14721822490624 000000010100011010111010
00000110000111101110 20 20 54627 14630311165952 000001100001000110101110
00000000010110100010 20 20 88943 14566155091968 00000000010001011010001010
00000101110110000010 20 20 71857 14531870851072 0000010001011010000010110
00000000010110001010 20 20 90058 14500279353344 00000000010001011000101010
00000001011101100010 20 20 73189 14494516379648 0000000100010110100010110
00000000011001100010 20 20 90066 14473377087488 00000000010001100110001010
00000001011010000010 20 20 87778 14472429174784 00000001000101101000001010
00010101011010101010 20 20 70946 14470105530368 00010001010101101010101010
00000000000101101010 20 20 87417 14465793785856 00000000000100010110101010
00000000000110011010 20 20 87464 14465743454208 00000000000100011001101010
00000001100110000010 20 20 89710 14462589337600 00000001000110011000001010
00000001011000001010 20 20 89457 14453294759936 00000001000101100000101010
0000000101110101110 19 19 50860 14391420387328 0000000100100101110101110
00011001100101101010 20 20 69668 14381622493184 00010001100110010110101010
00011001100110011010 20 20 69585 14378921361408 00010001100110011001101010
00011001010110101010 20 20 69649 14371396780032 00010001100101011010101010
00010110011001101010 20 20 69131 14352337862656 00010001011001100110101010
0000000101111010110 19 19 50582 14343546601472 0000000100100101111010110
0000000111001111010 19 19 50547 14339520069632 0000000100100111001111010
0000000111100111010 19 19 50516 14338286944256 0000000100100111100111010
0000000101101110110 19 19 50498 14337766850560 0000000100100101101110110
0000000111001101110 19 19 50489 14337531969536 0000000100100111001101110
0000000101101101110 19 19 50495 14337364197376 0000000100100101101101110
0000000111100110110 19 19 50449 14336122683392 0000000100100111100110110
00010110010110101010 20 20 69296 14335141216256 00010001011001011010101010
00011001011001101010 20 20 69205 14331643166720 00010001100101100110101010
00010101100110101010 20 20 69020 14313666379776 00010001010110011010101010
00000001100001100010 20 20 89797 14307366535168 00000001000110000110001010
00000101100000001010 20 20 85910 14237590093824 00000100010110000000101010
00000000000001110110 20 20 80424 14211216310272 0000000000000100011010110
00000101101000000010 20 20 83878 14210067070976 00000100010110100000001010
00000110011000000010 20 20 85908 14208842334208 00000100011001100000001010
00010101101000100010 20 20 73354 14190571945984 00010001010110100010001010
00010110000000100010 20 20 83597 14190571945984 00010001011000000010001010
00000110000001100010 20 20 87205 14181998788608 00000100011000000110001010
00000110000110000010 20 20 87673 14169944358912 00000100011000011000001010
00000001111000000010 20 20 83512 14060271697920 00000001000110000000101110
00010110001000000010 20 20 81728 14030810906624 00010001011000100000001010
00000001010110101010 20 20 77511 13987391471616 00000001000101011010101010
00000001100110011010 20 20 77283 13976511447040 00000001000110011001101010
00000001100101101010 20 20 77199 13951723110400 00000001000110010110101010
00000001011001101010 20 20 76855 13938754322432 00000001000101100110101010
00000001100000011010 20 20 83980 13934107033600 00000001000110000001101010
00000000011000011010 20 20 83912 13896559624192 00000000010001100001101010
00011000000110000010 20 20 82862 13863357513728 00010001100000011000001010
00000110000000011010 20 20 82015 13815576002560 00000100011000000001101010
00011000000001100010 20 20 82051 13765445681152 00010001100000000110001010
00000101100011000110 20 20 69086 13698378760192 000001000101110101000110
00000000011110000010 20 20 80510 13691466547200 00000000010001100000101110
00011000011000000010 20 20 80808 13678782971904 00010001100001100000001010
00010110100000000010 20 20 76787 13666955034624 00010001011010000000001010
00011001100000000010 20 20 78056 13607152648192 00010001100110000000001010
00010110000000001010 20 20 77938 13601012187136 00010001011000000000101010
00000000000111100010 20 20 79278 13559538909184 00000000000100011000101110
00000101011010100010 20 20 72949 13501582016512 00000100010101101010001010
00000101100110100010 20 20 72774 13493898051584 00000100010110011010001010
00011000000000011010 20 20 77771 13486935506944 00010001100000000001101010
00000001100001110110 20 20 67887 13411119267840 0000000110000100011010110
00010110011000100010 20 20 68838 13359093121024 00010001011001100010001010
00010101100010100010 20 20 68656 13351476264960 00010001010110001010001010
00011001100001110110 20 20 58589 13281641103360 0001100110000100011010110
00010110000111011010 20 20 58538 13279569117184 0001011000010001101011010
00000101011010001010 20 20 71985 13251811213312 00000100010101101000101010
00000110010110100010 20 20 71743 13231653388288 00000100011001011010001010
00000111001110000010 20 20 68649 13208207228928 0000010001100110000010110
00000101110000010110 20 20 68426 13195364270080 0000010001011000001010110
00000001110011100010 20 20 69211 13114917519360 0000000100011001100010110
00000001011100010110 20 20 68728 13077521104896 0000000100010110001010110
00000111000000000110 20 20 75403 13026082160640 00000100011000000000110110
00000000011000001110 20 20 74820 13001679699968 00000000010001100000111010
00000101100110001010 20 20 71451 12990992613376 00000100010110011000101010
00000110011001100010 20 20 71545 12965994561536 00000100011001100110001010
00000110010110001010 20 20 71043 12947321520128 00000100011001011000101010
00000101011000101010 20 20 70900 12940904235008 00000100010101100010101010
00000000000000111110 20 20 69164 12923615313920 00000000000000010010111110
00000001110000000110 20 20 74573 12844812730368 00000001000110000000110110
00011000000000001110 20 20 69914 12834570240000 00010001100000000000111010
00010101101010000010 20 20 63706 12768853884928 00010001010110101000001010
00010110011010000010 20 20 63527 12760389779456 00010001011001101000001010
00000000011100000110 20 20 72151 12611995303936 00000000010001100000110110
00000101101000011010 20 20 65758 12540515975168 00000100010110100001101010
00000101100010011010 20 20 67033 12524753780736 00000100010110001001101010
00000101101001100010 20 20 67021 12524451790848 00000100010110100110001010
00010101101000001010 20 20 62972 12518789480448 00010001010110100000101010
00000001100000001110 20 20 69942 12516247732224 00000001000110000000111010
00011001011010000010 20 20 62871 12514578399232 00010001100101101000001010
00011000000111100010 20 20 63870 12406424076288 00010001100000011110001010
00000110000110011010 20 20 65920 12375629496320 00000100011000011001101010
00000110000101101010 20 20 65824 12374513811456 00000100011000010110101010
00011000000000111110 20 20 58564 12300257853440 00010001100000000011111010
00011001100110000010 20 20 63166 12280393629696 00010001100110011000001010
00011001011000001010 20 20 62860 12269815595008 00010001100101100000101010
00010110011000001010 20 20 62865 12268431474688 00010001011001100000101010
00010101100000101010 20 20 62811 12266594369536 00010001010110000010101010
00000110000000001110 20 20 67941 12266283991040 00000100011000000000111010
00000001110000011110 20 20 60613 12259145285632 0000000100011000001110110
00000000010111011010 20 20 59953 12207924445184 0000000001010001101011010
00000000011001110110 20 20 59691 12197489016832 0000000001100100011010110
00000110000001110110 20 20 59600 12185593970688 0000011000000100011010110
00011000000110011010 20 20 62715 12139481792512 00010001100000011001101010
00011000000101101010 20 20 62634 12138517102592 00010001100000010110101010
00000000000001111010 20 20 67764 12102437699584 00000000000001001001111010
00011000010110100010 20 20 61923 12069319475200 00010001100001011010001010
00000000000110001110 20 20 66077 11981658521600 00000000000100100110001110
00011000000001110110 20 20 56975 11979729141760 0001100000000100011010110
00011000010110001010 20 20 62725 11970895937536 00010001100001011000101010
00000001111000011010 20 20 61807 11960712167424 00000001000110000110101110
00000110011000011010 20 20 62724 11958354968576 00000100011001100001101010
00000110000111100010 20 20 62500 11951719579648 00000100100110000111100010
00000101100001101010 20 20 62458 11947986649088 00000100010110000110101010
00011000011001100010 20 20 62936 11939849699328 00010001100001100110001010
00000001100111100010 20 20 63072 11928726405120 00000001001001100111100010
00000001011110001010 20 20 62889 11920153247744 00000001001001011110001010
00000110011000001110 20 20 61423 11910145638400 00000100011001100000111010
00010110100000011010 20 20 58705 11893469085696 00010001011010000001101010
00000101100000111010 20 20 60893 11863454646272 00000100010110000011101010
00010110100001100010 20 20 58969 11810245705728 00010001011010000110001010
00010110000010011010 20 20 58342 11803308326912 00010001011000001001101010
00010110100110000010 20 20 58265 11799239852032 00010001011010011000001010
00000000000001101110 20 20 64176 11743673712640 00000000000001001001101110
00000110000000111110 20 20 55923 11712241598464 00000100100110000000111110
00011001100001100010 20 20 60317 11711075581952 00010001100110000110001010
00010110000110001010 20 20 60209 11705279053824 00010001011000011000101010
00011000011001110110 20 20 48794 11657757589504 0001100001100100011010110
00011000010111011010 20 20 48540 11647204720640 0001100001010001101011010
00000001100000111110 20 20 55729 11599330934784 00000001001001100000111110
00011001100000011010 20 20 57136 11529772597248 00010001100110000001101010
00010110000001101010 20 20 56974 11522306736128 00010001011000000110101010
00000000000111000110 20 20 63451 11520629014528 00000000000100100111000110
00010110000011100010 20 20 54757 11512601116672 00010001011000001110001010
00010110001000011010 20 20 56281 11510831120384 00010001011000100001101010
00010110000110100010 20 20 55996 11471765372928 00010001011000011010001010
00011000011000011010 20 20 58329 11458628812800 00010001100001100001101010
00000000011000111110 20 20 54883 11425829355520 00000000010010011000111110
00000101110110011010 20 20 46942 11417038094336 0000010100011010110011010
00000101101000001110 20 20 56489 11326248189952 00000100010110100000111010
00000000000110111110 20 20 53861 11226012712960 00000000000100100110111110
00000000000111111010 20 20 53431 11207088013312 00000000000100100111111010
00000110000001111010 20 20 54800 11066880819200 00000100011000000111101010
00011000011100000110 20 20 53823 11053081559040 00010001100001110000011010
00000111000011000110 20 20 55568 11031380230144 00000100011000011000110110
00000111000011100010 20 20 56984 10977592475648 00000100100111000011100010
00000001011000101110 20 20 57114 10937276825600 00000001001001011000101110
00000001111001100010 20 20 57086 10936337301504 00000001001001111001100010
00000110000110001110 20 20 53605 10808973066240 00000100011000011000111010
00000101100010001110 20 20 54300 10780711845888 00000100100101100010001110
00000101110001000110 20 20 54034 10773682192384 00000100100101110001000110
00010110001000001110 20 20 50464 10759253786624 00010001011000100000111010
00000001011101101110 20 20 42189 10684930719744 000001000011001011010110
00000001111001110110 20 20 42143 10682934231040 000001000011001110011010
00000101100011100010 20 20 52604 10662935789568 00000100011000100110001110
00011000011000001110 20 20 50779 10620715925504 00010001100001100000111010
00000110011001110110 20 20 43743 10559428755456 0000011001100100011010110
00000101011101101010 20 20 43689 10556232695808 0000010101000110101101010
00000001011011100010 20 20 53313 10547206553600 00000001000110001001101110
00000001011110100010 20 20 53287 10546116034560 00000001000110001001111010
00000110000001101110 20 20 51532 10512268001280 00000100011000000110111010
00010110001100000110 20 20 47368 10505297068032 00010001011000110000011010
00000110010111011010 20 20 43358 10503812284416 0000011001010001101011010
00000101100111011010 20 20 43272 10499928358912 0000010110010001101011010
00000101101001110110 20 20 43646 10471214153728 0000010110100100011010110
00000101110000011010 20 20 50885 10411923472384 00000100100101110000011010
00000110011100000110 20 20 50876 10411093000192 00000100100110011100000110
00010110100000001110 20 20 45989 10402427568128 00010001011010000000111010
00000001011010001110 20 20 50696 10374602555392 00000001001001011010001110
00000000011110011010 20 20 50810 10351215116288 00000000010010011110011010
00000000010110101110 20 20 50777 10350720188416 00000000010010010110101110
00000111000000111010 20 20 50806 10305589477376 00000100011000000111010110
00000111000000011110 20 20 48386 10283309334528 00000100100111000000011110
00000111000000110110 20 20 50306 10267018657792 00000100011000000110110110
00000001110011000110 20 20 50773 10237926965248 00000001001001110011000110
00000000011100111010 20 20 50385 10236014362624 00000000010001100110110110
00000000011100110110 20 20 50204 10227080495104 00000000010001100111010110
00000001011000110110 20 20 50461 10212501094400 00000001001001011000110110
00000000010111010110 20 20 50003 10208239681536 00000000010001011011010110
00000000010110110110 20 20 50015 10207182716928 00000000010001011101010110
00000101110001100010 20 20 49912 10185582051328 00000100011000100111000110
00011001100000001110 20 20 45727 10152488992768 00010001100110000000111010
00010110000000111010 20 20 45576 10145056686080 00010001011000000011101010
00000001100110001110 20 20 49340 10116241817600 00000001001001100110001110
00000001011000111010 20 20 49105 10108163588096 00000001001001011000111010
00000000011100011110 20 20 46546 10050080866304 0000000100001100110001110
00000001011011101110 20 20 40077 10014295064576 0000000100010111010101110
00000001111001111010 20 20 39854 10001770872832 0000000100011001101101110
00011000000001101110 20 20 47967 9999103295488 00010001100000000110111010
00000001011110101110 20 20 39740 9992090419200 0000000100010110110101110
00000001111001101110 20 20 39630 9984557449216 0000000100011001110101110
00000000011111000110 20 20 46654 9973484486656 00000000010010011111000110
00010110000011000110 20 20 44955 9967914450944 00010001011000001100011010
00000000000111110110 20 20 46604 9962948395008 0000000001000011001111010
00000110000111000110 20 20 47649 9945407815680 00000100011000011100011010
00011000000110001110 20 20 46231 9940634697728 00010001100000011000111010
00000001100001101110 20 20 48739 9939359629312 00000001001001100001101110
00000101100000110110 20 20 48307 9934829780992 00000100100101100000110110
00000111001100000110 20 20 48297 9934435516416 00000100100111001100000110
00000000010111101010 20 20 48096 9881629229056 00000000010010010111101010
00000001100001111010 20 20 47884 9873743937536 00000001001001100001111010
00000000011001101110 20 20 48076 9872854745088 00000000010010011001101110
00000000011001111010 20 20 48019 9870958919680 00000000010010011001111010
00000000010110111010 20 20 47810 9862083772416 00000000010010010110111010
00011000000001111010 20 20 45229 9740969050112 00010001100000000111101010
00000001110011101110 20 20 38252 9735214465024 000001000011001100110110
00000001011110110110 20 20 38242 9734946029568 000001000011001011101010
00000001110011110110 20 20 38140 9729384382464 000001000011001100111010
00000001011101110110 20 20 38128 9729317273600 000001000011001011011010
00000001111000001110 20 20 45360 9690167640064 00000001001001111000001110
00000001011100011010 20 20 46922 9666226552832 00000001001001011100011010
00000001100111000110 20 20 46842 9662669783040 00000001001001100111000110
00000000000111011110 20 20 44155 9634416951296 0000000001000011001101110
00000101101100000110 20 20 45497 9633368375296 00000100011000001100110110
00000101110100000110 20 20 45444 9631573213184 00000100011000001100111010
00000000011110001110 20 20 44029 9577441525760 0000000100001100111000110
00000001110000111010 20 20 45589 9447543930880 00000001001001110000111010
00000001011101000110 20 20 45316 9444146544640 00000001001001011101000110
00011000000111000110 20 20 43322 9431739793408 00010001100000011100011010
00000001011011000110 20 20 45227 9430900932608 00000001001001011011000110
00000001110000110110 20 20 45500 9416447361024 00000001001001110000110110
00011000011100110110 20 20 39222 9348818403328 00010001100001110011011010
00011000011100111010 20 20 38889 9299828932608 00010001100001110011101010
00011000010110110110 20 20 38881 9297178132480 00010001100001011011011010
00011000010111010110 20 20 38528 9281466269696 00010001100001011101011010
00000111000011110110 20 20 36761 9016436588544 0000011100100001100111010
00000111000011101110 20 20 36549 9001983016960 0000011100100001100110110
00000101011010110110 20 20 38238 8949956870144 00000100100101011010110110
00000111001110011010 20 20 38203 8949352890368 00000100100111001110011010
00000111001011010110 20 20 37749 8889298845696 00000100100111001011010110
00000101110011010110 20 20 37734 8888996855808 00000100100101110011010110
00000110010110110110 20 20 36028 8642539552768 00000100100110010110110110
00000101110011101010 20 20 35947 8640484343808 00000100100101110011101010
00000101011011011010 20 20 35933 8639821643776 00000100100101011011011010
00000110011100111010 20 20 35929 8639771312128 00000100100110011100111010
00000110011100110110 20 20 35799 8632112513024 00000100100110011100110110
00000101011101011010 20 20 35807 8632087347200 00000100100101011101011010
00000110010111010110 20 20 35767 8631273652224 00000100100110010111010110
00000101110011011010 20 20 35755 8630929719296 00000100100101110011011010
00000111001011101010 20 20 35049 8411190132736 00000100100111001011101010
00000111001100111010 20 20 34995 8410267385856 00000100100111001100111010
00000101100110110110 20 20 35019 8409973784576 00000100100101100110110110
00000101011011010110 20 20 34982 8408707104768 00000100100101011011010110
00000101011101010110 20 20 34967 8408665161728 00000100100101011101010110
00000111001100110110 20 20 34903 8404688961536 00000100100111001100110110
00000101100111010110 20 20 34833 8402239488000 00000100100101100111010110
00000111001011011010 20 20 34829 8402130436096 00000100100111001011011010
00000101101100111010 20 20 33159 8097397473280 00000100100101101100111010
00000101110100110110 20 20 33160 8097170980864 00000100100101110100110110
