# x |x| K_N count nontrivial_mass_2^-64 min_program
0010 4 4 13201709 73711277343506432 0001001010
000010 6 6 13119422 40739439957245952 000001001010
0000110 7 7 5650014 18595926092283904 0000010010110
00000010 8 8 9279831 17573120432930816 00000001001010
00011010 8 8 3624001 12323446935519232 00010001101010
000000110 9 9 3944434 7916728918999040 000000010010110
0000000010 10 10 5179792 6551441711824896 0000000001001010
0000011010 10 10 2587968 4819945141567488 0000010001101010
0001100010 10 10 2501976 4689876989509632 0001000110001010
0000001110 10 10 2041233 4078561526808576 0000000100101110
00000000110 11 11 2366779 3016798567923712 00000000010010110
00011000110 11 11 1224599 2338222088650752 00010001100011010
000000000010 12 12 2584449 2228728960647168 000000000001001010
00000111010 11 11 1192223 2114784468140032 00000100100111010
00000110110 11 11 1176417 2101075251298304 00000100100110110
000001100010 12 12 1596331 1749990347112448 000001000110001010
000000011010 12 12 1523158 1724645308891136 000000010001101010
000110000010 12 12 1432405 1682329479151616 000100011000001010
000001110110 12 12 903908 1522022190415872 00000100011010110
000101101010 12 12 819185 1455790103724032 000100010110101010
000110011010 12 12 815739 1454686599118848 000100011001101010
000000001110 12 12 1154630 1439378815582208 000000000100101110
0000000000110 13 13 1251087 1045164269240320 0000000000010010110
0000011100010 13 13 866490 884631092068352 0000010001100010110
0000011000110 13 13 757443 824375938908160 0000010001100011010
0000000011110 13 13 691183 801932536971264 0000000001001011110
0001100000110 13 13 635919 748773928075264 0001000110000011010
0000000111010 13 13 687087 747485840539648 0000000100100111010
0000000110110 13 13 672549 740273432821760 0000000100100110110
00000000000010 14 14 1141416 710419450691584 00000000000001001010
00000001100010 14 14 816069 587856972087296 00000001000110001010
00000110000010 14 14 787967 582153674948608 00000100011000001010
00000000011010 14 14 756416 573218448474112 00000000010001101010
00011000000010 14 14 719787 560920413601792 00010001100000001010
00000000001110 14 14 617943 513890890809344 00000000000100101110
00000101101010 14 14 494502 493903052537856 00000100010110101010
00000110011010 14 14 494210 493767207419904 00000100011001101010
00000001110110 14 14 491921 492851188203520 0000000100011010110
00010110100010 14 14 446512 466389273935872 00010001011010001010
00010110001010 14 14 454849 456719155068928 00010001011000101010
00011001100010 14 14 453888 455409643028480 00010001100110001010
00011000011010 14 14 428255 437696895909888 00010001100001101010
00011000001110 14 14 391182 420942413037568 00010001100000111010
00000110001110 14 14 367228 390024973516800 00000100100110001110
00000001101110 14 14 377637 384762648723456 00000001001001101110
00000001111010 14 14 375797 384372981104640 00000001001001111010
00000111000110 14 14 337960 362408468021248 00000100100111000110
000000000000110 15 15 563326 336519646674944 000000000000010010110
000001110000010 15 15 412035 290791196983296 000001000110000010110
000000011100010 15 15 412659 286443784110080 000000010001100010110
000000011000110 15 15 371679 272981494333440 000000010001100011010
000001100000110 15 15 348232 261786108428288 000001000110000011010
000110000000110 15 15 329276 258956530286592 000100011000000011010
000001110001110 15 15 278791 257171233177600 00000100011000110110
000000000011110 15 15 322517 255066699202560 000000000001001011110
000000000111010 15 15 337403 250508799377408 000000000100100111010
000000000110110 15 15 327535 247997854121984 000000000100100110110
0001011010011010 16 16 214743 246354458705920 000100011010011010
000110011000110 15 15 235876 239176393949184 000100011001100011010
000101100011010 15 15 234925 238912219906048 000100010110001101010
000101101000110 15 15 219269 229944781176832 000100010110100011010
000110000111010 15 15 212501 217996115050496 000100011000011101010
0000000000000010 16 16 456496 215701109342208 0000000000000001001010
000001011010110 15 15 214768 211100981264384 000001001001011010110
000001110011010 15 15 214480 211045784223744 000001001001110011010
000110000110110 15 15 199448 204719783936000 000100011000011011010
000001100110110 15 15 198074 197033151430656 000001001001100110110
000001011101010 15 15 198083 197024427278336 000001001001011101010
000001100111010 15 15 197802 196948845920256 000001001001100111010
000001011011010 15 15 197252 196832495927296 000001001001011011010
000000011101110 15 15 199546 195640625725440 00000100001100110110
000000011110110 15 15 199110 195602608553984 00000100001100111010
0000000111101110 16 16 211745 187056546381824 00000001000110101110
0000000110000010 16 16 341526 184561472372736 0000000100011000001010
0000000001100010 16 16 344914 184363400560640 0000000001000110001010
0000011000000010 16 16 328106 182128356622336 0000010001100000001010
0000000000011010 16 16 321280 179793790238720 0000000000010001101010
0001011000100010 16 16 267940 177219812982784 000100010111010100010
0001100000000010 16 16 306598 176489819537408 0001000110000000001010
0000000000001110 16 16 283993 170118772424704 0000000000000100101110
0000000101101010 16 16 230700 158358782869504 0000000100010110101010
0000000110011010 16 16 230818 158350377484288 0000000100011001101010
0000010110100010 16 16 229851 156317935206400 0000010001011010001010
0000000001110110 16 16 224792 155757609746432 000000000100011010110
0000010110001010 16 16 236504 154893247578112 0000010001011000101010
0000011001100010 16 16 234240 154454322053120 0000010001100110001010
0000000111100010 16 16 229644 152354150154240 0000000100011000101110
0001010110101010 16 16 159029 149884007088128 0001000101011010101010
0001100110011010 16 16 158055 149668201758720 0001000110011001101010
0001100101101010 16 16 156888 149278047600640 0001000110010110101010
0001011001101010 16 16 156289 149137857183744 0001000101100110101010
0001011010000010 16 16 197670 147982980743168 0001000101101000001010
0001100001110110 16 16 156628 147438358757376 000110000100011010110
0000011000011010 16 16 215104 147365780520960 0000010001100001101010
0001100001100010 16 16 216853 146584784338944 0001000110000110001010
0001100110000010 16 16 202332 146493482729472 0001000110011000001010
0001011000001010 16 16 202065 146401409368064 0001000101100000101010
0000000000111110 16 16 192834 145649337106432 0000000000010010111110
0001100000011010 16 16 199173 143518462902272 0001000110000001101010
0000011000001110 16 16 189375 138032246161408 0000010001100000111010
0000011100000110 16 16 187194 133795479027712 0000010001100000110110
0000010111011010 16 16 147224 133053338877952 000001010001101011010
0000011001110110 16 16 146807 132963496886272 000001100100011010110
0000000110001110 16 16 169800 125520285007872 0000000100100110001110
0000000001111010 16 16 172992 124735262294016 0000000001001001111010
0000000001101110 16 16 169305 122940452503552 0000000001001001101110
0001100000001110 16 16 155412 122937717817344 0001000110000000111010
0000000111000110 16 16 160675 118491621359616 0000000100100111000110
0000010110110110 16 16 113352 104756198506496 0000010001011101010110
0000011100111010 16 16 113211 104695515316224 0000010001100110110110
0000010111010110 16 16 112905 104584550809600 0000010001011011010110
0000011100110110 16 16 112860 104580205510656 0000010001100111010110
00000000000000110 17 17 234876 102640121806848 00000000000000010010110
00000101110110110 17 17 127274 101989300043776 000001000101101010110
00000111001110110 17 17 126228 101770625810432 000001000110011010110
00000111000000010 17 17 177012 90448873914368 00000100011000000010110
00000001110000010 17 17 177198 89516698238976 00000001000110000010110
00000000011100010 17 17 175360 88687400452096 00000000010001100010110
00000000011000110 17 17 163154 85609200746496 00000000010001100011010
00000110000000110 17 17 160102 84864124583936 00000100011000000011010
00000001100000110 17 17 160700 84122470973440 00000001000110000011010
00011000000000110 17 17 153471 83172276568064 00010001100000000011010
00000000000011110 17 17 138313 80002137718784 00000000000001001011110
00000000000111010 17 17 150012 79492345233408 00000000000100100111010
00000000000110110 17 17 145902 78789581209600 00000000000100100110110
00000001110001110 17 17 125386 78661789155328 0000000100011000110110
00011000000110110 17 17 110020 77624873320448 010001101000000110110
00000110011000110 17 17 120993 76713316843520 00000100011001100011010
00000101100011010 17 17 120628 76624917692416 00000100010110001101010
00011000011100010 17 17 118061 76413507993600 00010001100001110001010
00000101101000110 17 17 113744 74225104715776 00000100010110100011010
00000111000011010 17 17 117266 74155294720000 00000100011000011010110
00000101110001010 17 17 119470 73527659069440 00000100100101110001010
00000110011100010 17 17 119181 73499557232640 00000100100110011100010
00010110001100010 17 17 104371 73224545107968 00010001011000110001010
000001011010011010 18 18 122790 73092776853504 00000100011010011010
00011000000011110 17 17 100925 72866821308416 00010001100000001111010
00000110000111010 17 17 106065 70272157745152 00000100011000011101010
00000101100010110 17 17 113531 69770032447488 00000100100101100010110
00000111001100010 17 17 113423 69760469434368 00000100100111001100010
00010110001000110 17 17 100046 69347464708096 00010001011000100011010
00000110000011110 17 17 97615 68771771318272 00000100100110000011110
00011000011000110 17 17 101579 68456191885312 00010001100001100011010
00010110100000110 17 17 90244 68076557041664 00010001011010000011010
00000001100011110 17 17 99245 67988560543744 00000001001001100011110
00000001110011010 17 17 104738 67230280712192 00000001001001110011010
00000001011010110 17 17 104325 67108914331648 00000001001001011010110
00000101101100010 17 17 104510 66992379789312 00000100011000100110110
00000101110100010 17 17 104476 66989812875264 00000100011000100111010
00000000011011110 17 17 98671 66724598644736 00000000010010011011110
00000110000110110 17 17 101198 66711898292224 00000100011000011011010
00000000011111010 17 17 98198 66616805031936 00000000010010011111010
00011001100000110 17 17 91387 66251783143424 00010001100110000011010
00010110000011010 17 17 91393 66218128048128 00010001011000001101010
00000001011101010 17 17 99077 63542883516416 00000001001001011101010
00000001100110110 17 17 98479 63405343899648 00000001001001100110110
00011000000111010 17 17 94477 63383919394816 00010001100000011101010
00000001100111010 17 17 98218 63380563951616 00000001001001100111010
00000001011011010 17 17 98079 63350046195712 00000001001001011011010
000000000000000010 18 18 188292 62999150723072 000000000000000001001010
00000000011101110 17 17 91720 61810082316288 0000000100001100110110
00000000011110110 17 17 91564 61790285201408 0000000100001100111010
00000111000001110 17 17 88042 61588237189120 00000100100111000001110
00000001111000110 17 17 88628 60688374431744 00000001001001111000110
000001011000100010 18 18 135030 57337662406656 00000100010111010100010
000000000110000010 18 18 150554 55397293490176 000000000100011000001010
000000011000000010 18 18 148718 55201369161728 000000010001100000001010
000000000001100010 18 18 149181 55134595842048 000000000001000110001010
000000000000001110 18 18 136238 54553332416512 000000000000000100101110
000001100000000010 18 18 144343 54535951220736 000001000110000000001010
000000000111101110 18 18 89815 54084878991360 0000000001000110101110
000000000000011010 18 18 141819 53939588300800 000000000000010001101010
000110000000000010 18 18 136828 53132067340288 000100011000000000001010
000101100000100010 18 18 110361 49812409942016 000100010110000010001010
000101100010000010 18 18 108249 49364391165952 000100010110001000001010
000001011101100010 18 18 86711 49062552272896 00000100010110100010110
000000010110100010 18 18 112572 48574368841728 000000010001011010001010
000000000110011010 18 18 111866 48466541674496 000000000100011001101010
000000000101101010 18 18 111747 48465887363072 000000000100010110101010
000000010110001010 18 18 114771 48297444114432 000000010001011000101010
000000011001100010 18 18 114435 48188559982592 000000010001100110001010
000001011010000010 18 18 106676 47616423362560 000001000101101000001010
000000000001110110 18 18 101127 47506482266112 00000000000100011010110
000001100110000010 18 18 109565 47476518158336 000001000110011000001010
000001011000001010 18 18 109361 47444909883392 000001000101100000101010
000001100001100010 18 18 110622 47085978124288 000001000110000110001010
000000011110000010 18 18 106212 46886513803264 000000010001100000101110
000001010110101010 18 18 93268 46516542636032 000001000101011010101010
000001100110011010 18 18 92797 46466261319680 000001000110011001101010
000001100101101010 18 18 92497 46368047497216 000001000110010110101010
000001011001101010 18 18 92065 46321054515200 000001000101100110101010
000000011000011010 18 18 105905 46076694364160 000000010001100001101010
000001100000011010 18 18 103436 45836612403200 000001000110000001101010
000110000001100010 18 18 103087 45617518739456 000100011000000110001010
000101101000000010 18 18 95224 45467748532224 000100010110100000001010
000110000110000010 18 18 101716 45424782082048 000100011000011000001010
000000000111100010 18 18 101258 45405941268480 000000000100011000101110
000101100000001010 18 18 98324 45313901461504 000100010110000000101010
000110011000000010 18 18 97907 45215989628928 000100011001100000001010
000101100011000110 18 18 77993 45011156598784 0001000101110101000110
000001100001110110 18 18 79970 44740942757888 00000110000100011010110
000110000000011010 18 18 97426 44654439432192 000100011000000001101010
000001110011100010 18 18 82279 43762663292928 00000100011001100010110
000001011100010110 18 18 81924 43675690205184 00000100010110001010110
000000000000111110 18 18 84872 43276140806144 000000000000010010111110
000101011010100010 18 18 76299 42964084588544 000100010101101010001010
000000011000001110 18 18 93376 42953363947520 000000010001100000111010
000101100110100010 18 18 76046 42931486457856 000100010110011010001010
000001110000000110 18 18 93562 42651927707648 000001000110000000110110
000101011010001010 18 18 75206 41847023992832 000100010101101000101010
000110010110100010 18 18 75075 41829844123648 000100011001011010001010
000000011100000110 18 18 90366 41549916274688 000000010001100000110110
000001110000011110 18 18 74031 41547802345472 00000100011000001110110
00010110001001100010 20 20 73073 41411957227520 00010001101001100010
000101100110001010 18 18 75207 40677551374336 000100010110011000101010
000110011001100010 18 18 74923 40594487377920 000100011001100110001010
000110010110001010 18 18 74389 40524459278336 000100011001011000101010
000101011000101010 18 18 74330 40510735515648 000100010101100010101010
000000010111011010 18 18 71822 40424517402624 00000001010001101011010
000000011001110110 18 18 71470 40388379279360 00000001100100011010110
000001100000001110 18 18 80919 39758831026176 000001000110000000111010
000101101000011010 18 18 68462 39490395570176 000100010110100001101010
000000000001111010 18 18 84150 39385873514496 000000000001001001111010
000110000110011010 18 18 71000 39311533670400 000100011000011001101010
000110000101101010 18 18 70907 39311265234944 000100011000010110101010
000000000110001110 18 18 81979 39227463041024 000000000100100110001110
000110000001110110 18 18 65326 39109166891008 00011000000100011010110
000110000000001110 18 18 77207 38989897662464 000100011000000000111010
000101100010011010 18 18 68431 38882775138304 000100010110001001101010
000101101001100010 18 18 68425 38881332297728 000100010110100110001010
000110011000001110 18 18 68112 38714986201088 000100011001100000111010
000101100000111010 18 18 67417 38575349432320 000100010110000011101010
000000000001101110 18 18 79784 38387176177664 000000000001001001101110
000000000111000110 18 18 78214 37440790200320 000000000100100111000110
000110011000011010 18 18 64536 37151785877504 000100011001100001101010
000101100001101010 18 18 64377 37122710962176 000100010110000110101010
000101101000001110 18 18 61095 36481536098304 000100010110100000111010
000110000001111010 18 18 62481 36130959392768 000100011000000111101010
000110000110001110 18 18 60170 34938535542784 000100011000011000111010
000000010110101110 18 18 62245 34355124633600 000000010010010110101110
000000011110011010 18 18 62133 34349638483968 000000010010011110011010
000110000001101110 18 18 58307 34055181565952 000100011000000110111010
000001011010001110 18 18 58826 33930241638400 000001001001011010001110
000000011100011110 18 18 56775 33385015672832 00000100001100110001110
000001011000110110 18 18 59772 33374613798912 000001001001011000110110
000001110011000110 18 18 59729 33372298543104 000001001001110011000110
000001100110001110 18 18 57519 32971339857920 000001001001100110001110
000000011100111010 18 18 59972 32960937984000 000000010001100110110110
000001011000111010 18 18 57430 32952549376000 000001001001011000111010
000000011100110110 18 18 59737 32928876724224 000000010001100111010110
000000010110110110 18 18 59774 32906344923136 000000010001011101010110
000000010111010110 18 18 59635 32897151008768 000000010001011011010110
000000000111110110 18 18 55457 32617139273728 00000001000011001111010
000000011001101110 18 18 58639 32526995292160 000000010010011001101110
000000011001111010 18 18 58566 32519378436096 000000010010011001111010
000000010111101010 18 18 58382 32490035085312 000000010010010111101010
000000010110111010 18 18 58368 32485136138240 000000010010010110111010
000001100001101110 18 18 58211 32483827515392 000001001001100001101110
000001100001111010 18 18 56922 32235004624896 000001001001100001111010
000000000111011110 18 18 54341 31859882852352 00000001000011001101110
000110000111000110 18 18 52189 31697697505280 000100011000011100011010
000000011110001110 18 18 53856 31616713883648 00000100001100111000110
000001011100011010 18 18 54891 31289675612160 000001001001011100011010
000001100111000110 18 18 54860 31288115331072 000001001001100111000110
000001110000111010 18 18 54240 30557534683136 000001001001110000111010
000001110000110110 18 18 53981 30467004825600 000001001001110000110110
000001011011000110 18 18 52637 30396976726016 000001001001011011000110
000001011101000110 18 18 52538 30381592018944 000001001001011101000110
0000000000000000110 19 19 99185 29943538909184 0000000000000000010010110
0000000101110110110 19 19 60054 29352897019904 00000001000101101010110
0000000111001110110 19 19 59850 29334072983552 00000001000110011010110
0000000111100011110 19 19 57410 28703585206272 00000001000110001101110
0000010111000100010 19 19 80340 28697595740160 000001000101111010100010
0000000000000011110 19 19 70559 27833703333888 01000110100000000011110
00010110100001110110 20 20 51069 27093911994368 000100011000110011010
0000011100000000010 19 19 79947 26900470693888 0000010001100000000010110
0000000111000000010 19 19 79785 26664264269824 0000000100011000000010110
0000000001110000010 19 19 79290 26511876816896 0000000001000110000010110
0000000000011100010 19 19 78587 26360395333632 0000000000010001100010110
0000000110000000110 19 19 76576 25841979359232 0000000100011000000011010
0000011000000000110 19 19 75445 25754519732224 0000010001100000000011010
0000000000011000110 19 19 74880 25650266112000 0000000000010001100011010
0000000001100000110 19 19 74699 25449610608640 0000000001000110000011010
0001100000000000110 19 19 72238 25195301568512 0001000110000000000011010
0000011000000110110 19 19 59595 25178507575296 00010001101000000110110
0000000000001111110 19 19 59365 24915927367680 0000000000000100101111110
0000000001111100010 19 19 64764 24857123225600 0000000001000110001011110
0000000001110001110 19 19 61339 24591422455808 000000000100011000110110
00010101101001101010 20 20 47250 24289013137408 0001010001101001101010
00011001011010011010 20 20 47127 24237070876672 0001100100011010011010
0000000000000111010 19 19 68929 24048360751104 0000000000000100100111010
0000000000000110110 19 19 67625 23871143018496 0000000000000100100110110
0000011000011100010 19 19 62704 23472113713152 0000010001100001110001010
0000000110011000110 19 19 62083 23408746168320 0000000100011001100011010
0000000101100011010 19 19 61749 23383479681024 0000000100010110001101010
00000000011111011110 20 20 45296 23382372384768 00000000010001101011110
0001100001110000010 19 19 60596 23373866336256 0001000110000111000001010
0000010110001100010 19 19 60351 23302428950528 0000010001011000110001010
0000011100001100010 19 19 62849 23269210062848 0000010001100001100010110
0001100001110001110 19 19 49982 23005237346304 000110000100011000110110
0000011100000011010 19 19 59279 22792703574016 0000010001100000011010110
0000000101101000110 19 19 59198 22769316134912 0000000100010110100011010
0000010111000001010 19 19 59452 22548930625536 0000010010010111000001010
0000011001110000010 19 19 59378 22543461253120 0000010010011001110000010
0000000111000011010 19 19 58775 22472812396544 0000000100011000011010110
0001010110001101010 19 19 50970 22468987191296 0001000101011000110101010
0000000101110001010 19 19 59873 22399042977792 0000000100100101110001010
0000010110001000110 19 19 58169 22396241182720 0000010001011000100011010
0000000110011100010 19 19 59675 22384547463168 0000000100100110011100010
0001100110011000110 19 19 50855 22381175242752 0001000110011001100011010
0001011001100011010 19 19 50728 22372199432192 0001000101100110001101010
0001100101100011010 19 19 50604 22363156512768 0001000110010110001101010
0000011100001111010 19 19 45887 22341681676288 000001000110000111010110
0000011000000011110 19 19 54280 22100442087424 0000010001100000001111010
0001011000110000010 19 19 52897 22084134633472 0001000101100011000001010
0000000111100000110 19 19 55410 22029927448576 0000000100011000001101110
00000101101100110110 20 20 34449 21932804145152 000001000110100110110
00000101110100111010 20 20 34439 21932250497024 000001000110100111010
0000010110100000110 19 19 54040 21931394859008 0000010001011010000011010
0001100000000110110 19 19 52381 21923677339648 010001100011000000110110
0001100000011100010 19 19 56031 21922821701632 0001000110000001110001010
0000010110000011010 19 19 55102 21791909085184 0000010001011000001101010
0001100101101000110 19 19 48451 21782127968256 0001000110010110100011010
0001010110100011010 19 19 48434 21778252431360 0001000101011010001101010
0000011000011000110 19 19 55873 21763756916736 0000010001100001100011010
0000000110000111010 19 19 54795 21648396779520 0000000100011000011101010
0000011001100000110 19 19 54261 21574308593664 0000010001100110000011010
0000010110000010110 19 19 56527 21566255529984 0000010010010110000010110
0000011100110000010 19 19 56507 21564930129920 0000010010011100110000010
0000000111001100010 19 19 56664 21414019072000 0000000100100111001100010
0001010110101000110 19 19 46391 21406351884288 0001000101011010100011010
0001011001101000110 19 19 46324 21401905922048 0001000101100110100011010
0000000101100010110 19 19 56505 21382813450240 0000000100100101100010110
0001011000001000110 19 19 51466 21268057292800 0001000101100000100011010
0001011010000000110 19 19 49672 21265456824320 0001000101101000000011010
0001100000011000110 19 19 52710 21262990573568 0001000110000001100011010
0001100110000111010 19 19 45464 21140063911936 0001000110011000011101010
0001100110000000110 19 19 50761 21129460711424 0001000110011000000011010
0001011000000011010 19 19 50506 21086796251136 0001000101100000001101010
0000010111000111010 19 19 45055 21013479817216 000001010001100011011010
0000011001110001110 19 19 44735 20944693231616 000001100100011000110110
00000001011010011010 20 20 52307 20799452872704 0000000100011010011010
0000000110000110110 19 19 52291 20709627658240 0000000100011000011011010
0000000001110011010 19 19 52094 20697850052608 0000000001001001110011010
0000000110000011110 19 19 49689 20673640529920 0000000100100110000011110
0000010110110000010 19 19 52269 20669983096832 0000010001100000100110110
0000010111010000010 19 19 52268 20669915987968 0000010001100000100111010
0001011000100000110 19 19 48330 20656376774656 0001000101100010000011010
0000000001011010110 19 19 51704 20640069320704 0000000001001001011010110
0000000101110100010 19 19 52869 20638039277568 0000000100011000100111010
0000000101101100010 19 19 52724 20607018205184 0000000100011000100110110
0001011000001100010 19 19 48042 20576282345472 0001000101100000110001010
0001100001100000110 19 19 49854 20490986979328 0001000110000110000011010
0001011000110011010 19 19 43601 20395440734208 0001000101100011001101010
0001011010011000110 19 19 43596 20394769645568 0001000101101001100011010
0000000001100011110 19 19 48791 20324137566208 0000000001001001100011110
0000011000000111010 19 19 50917 20298971742208 0000010001100000011101010
0000011100000001110 19 19 47889 19996847636480 0000010001100000001110110
0001100000000011110 19 19 45213 19934620942336 0001000110000000001111010
0000000000011111010 19 19 47762 19934503501824 0000000000010010011111010
0000000000011011110 19 19 47781 19932070805504 0000000000010010011011110
0000011100001110110 19 19 40930 19867444969472 000001110000100011010110
0001100000000111010 19 19 48168 19837950623744 0001000110000000011101010
0001011000011101010 19 19 41771 19766832005120 0001000101100001110101010
0000000001011101010 19 19 49146 19718647840768 0000000001001001011101010
0000000001100110110 19 19 48871 19676872572928 0000000001001001100110110
0000000001100111010 19 19 48767 19668450410496 0000000001001001100111010
0000000001011011010 19 19 48672 19660548341760 0000000001001001011011010
0000011100001101110 19 19 40852 19630550679552 000001000110000110110110
0000000001111101110 19 19 36379 19619679043584 00000100000011100111010
0000000001111011110 19 19 36229 19603304480768 00000100000011100110110
0000010111011000110 19 19 39069 19518613094400 000001010001101011000110
0000010101101010110 19 19 42946 19499403182080 0000010010010101101010110
0000011100101101010 19 19 42941 19498396549120 0000010010011100101101010
00010110000010000010 20 20 57433 19495477313536 00010001011101010000010
0000010110011010110 19 19 42813 19488212779008 0000010010010110011010110
0000011100110011010 19 19 42811 19486803492864 0000010010011100110011010
0001011010000110110 19 19 41535 19435716870144 0001000101101000011011010
0000000000011110110 19 19 45424 19273950953472 000000000100001100111010
0000000000011101110 19 19 44974 19151074623488 000000000100001100110110
0001011000011011010 19 19 40502 18933625126912 0001000101100001101101010
0000000111000001110 19 19 44526 18799323512832 0000000100100111000001110
0001100110000110110 19 19 38864 18463493980160 0001000110011000011011010
0000000001111000110 19 19 43369 18412289916928 0000000001001001111000110
0001011010000111010 19 19 37821 18376822882304 0001000101101000011101010
0001100001110011010 19 19 37609 17837301170176 0001000110000111001101010
0001100001011010110 19 19 37125 17723971076096 0001000110000101101011010
0001100001100111010 19 19 36901 17718703030272 0001000110000110011101010
0000010111001101010 19 19 37750 17686490775552 0000010010010111001101010
0000011001011010110 19 19 37726 17684813053952 0000010010011001011010110
0000011001110011010 19 19 37716 17683537985536 0000010010011001110011010
0000010101101011010 19 19 37731 17682313248768 0000010010010101101011010
00000000000000000010 20 20 71651 17679712780288 00000000000000000001001010
0000011000011101110 19 19 34937 17084155166720 000001100100001100110110
0000011000011110110 19 19 34878 17080111857664 000001100100001100111010
0000010110100111010 19 19 36041 17073149313024 0000010010010110100111010
0000010111010011010 19 19 36046 17073082204160 0000010010010111010011010
0000010110100110110 19 19 35996 17070968274944 0000010010010110100110110
0000010110110011010 19 19 35997 17070146191360 0000010010010110110011010
0000010110001110110 19 19 36300 16995588243456 0000010001011100011010110
0000011100110001110 19 19 36299 16994078294016 0000010001100111000110110
0001100000011110110 19 19 33962 16907776294912 000110000100001100111010
00000001011000100010 20 20 62036 16846120026112 0000000100010111010100010
0001100001100110110 19 19 34887 16809998680064 0001000110000110011011010
0000010101110101010 19 19 35505 16784799301632 0000010010010101110101010
0001100001011101010 19 19 34607 16782970585088 0001000110000101110101010
0000011001100110110 19 19 35425 16779262820352 0000010010011001100110110
0000011001100111010 19 19 35407 16779111825408 0000010010011001100111010
0001100001011011010 19 19 34532 16775907377152 0001000110000101101101010
0000011001011101010 19 19 35339 16772098949120 0000010010011001011101010
0000011001011011010 19 19 35298 16769162936320 0000010010011001011011010
0000010110011011010 19 19 35262 16765253844992 0000010010010110011011010
0000010101101101010 19 19 35227 16761747406848 0000010010010101101101010
0000010110011101010 19 19 35215 16761546080256 0000010010010110011101010
0001100000011101110 19 19 32829 16688565190656 000110000100001100110110
0000010111010001110 19 19 34977 16557602242560 0000010001011011000110110
0000010110110001110 19 19 34974 16557098926080 0000010001011101000110110
0000011100111000110 19 19 33869 16328157036544 0000010001100110001110110
00000000000000001110 20 20 61433 16319718096896 00000000000000000100101110
0000010111000110110 19 19 33756 16315104362496 0000010001011000111010110
00011000000111101110 20 20 36731 16029841358848 000110000001000110101110
0000000101111011010 19 19 32865 16012040732672 000001000001110100111010
0000000101110111010 19 19 32703 15957296676864 000001000001110100110110
0000000110011101110 19 19 32658 15953941233664 000001000001101100110110
0000000110011110110 19 19 32651 15952531947520 000001000001101100111010
00010110100101101010 20 20 35527 15899364950016 00010001100110110011010
00010110011010011010 20 20 35350 15887016919040 00010001011101010011010
00010101101010011010 20 20 35449 15883426594816 00010001011011010011010
00010110100110011010 20 20 35240 15870290034688 00010001100111010011010
00000000000110000010 20 20 60056 15835980627968 00000000000100011000001010
00000000011000000010 20 20 59683 15832977506304 00000000010001100000001010
00000001100000000010 20 20 59003 15769140199424 00000001000110000000001010
00000000000001100010 20 20 59612 15753503834112 00000000000001000110001010
00000110000000000010 20 20 57946 15614957584384 00000100011000000000001010
00000000000111101110 20 20 41421 15611065270272 000000000001000110101110
00000101100000100010 20 20 57456 15597844824064 00000100010110000010001010
00000101100010000010 20 20 56720 15486460887040 00000100010110001000001010
00000000000000011010 20 20 57311 15469599784960 00000000000000010001101010
00011000000000000010 20 20 55701 15275235737600 00010001100000000000001010
00000111001110001110 20 20 37226 14982070665216 000001000110011000110110
00000101110001110110 20 20 37047 14958901329920 000001000101100011010110
00010101100010001010 20 20 47117 14704625844224 0001010001011101010001010
00011001011000100010 20 20 47278 14703552102400 0001100100010111010100010
00000101110110001110 20 20 35598 14599298482176 000001000101101000110110
00000001100111101110 20 20 32742 14538262970368 000000011001000110101110
00000001011110111010 20 20 32705 14535075299328 000000010100011010111010
00000110000111101110 20 20 32602 14445552074752 000001100001000110101110
00000101110110000010 20 20 41819 14279893843968 0000010001011010000010110
00000000010110100010 20 20 49852 14238236016640 00000000010001011010001010
00000001011101100010 20 20 42540 14237413933056 0000000100010110100010110
0000000101110101110 19 19 29327 14210788491264 0000000100100101110101110
00010101011010101010 20 20 37557 14190018297856 00010001010101101010101010
0000000101111010110 19 19 29304 14165053800448 0000000100100101111010110
00000000010110001010 20 20 50072 14164852473856 00000000010001011000101010
0000000111001111010 19 19 29233 14160725278720 0000000100100111001111010
0000000111100111010 19 19 29213 14159584428032 0000000100100111100111010
0000000101101110110 19 19 29223 14159299215360 0000000100100101101110110
0000000111001101110 19 19 29234 14159232106496 0000000100100111001101110
0000000101101101110 19 19 29220 14158896562176 0000000100100101101101110
0000000111100110110 19 19 29210 14157957038080 0000000100100111100110110
00000001011010000010 20 20 48948 14146699526144 00000001000101101000001010
00000000011001100010 20 20 49993 14137220399104 00000000010001100110001010
00000000000101101010 20 20 48192 14136750637056 00000000000100010110101010
00000000000110011010 20 20 48193 14136314429440 00000000000100011001101010
00000001100110000010 20 20 49451 14124872368128 00000001000110011000001010
00000001011000001010 20 20 49318 14116584423424 00000001000101100000101010
00011001100101101010 20 20 36885 14106618757120 00010001100110010110101010
00011001100110011010 20 20 36944 14105108807680 00010001100110011001101010
00011001010110101010 20 20 37001 14097525506048 00010001100101011010101010
00010110011001101010 20 20 36713 14080395968512 00010001011001100110101010
00010110010110101010 20 20 36752 14062142357504 00010001011001011010101010
00011001011001101010 20 20 36718 14059122458624 00010001100101100110101010
00010101100110101010 20 20 36594 14041657376768 00010001010110011010101010
00000001100001100010 20 20 49582 13970018664448 00000001000110000110001010
00010101101000100010 20 20 44450 13948107620352 00010001010110100010001010
00000000000001110110 20 20 45405 13917455646720 0000000000000100011010110
00000101100000001010 20 20 47623 13916415459328 00000100010110000000101010
00000101101000000010 20 20 47120 13901718618112 00000100010110100000001010
00000110011000000010 20 20 47536 13886954668032 00000100011001100000001010
00010110000000100010 20 20 47357 13886568792064 00010001011000000010001010
00000110000001100010 20 20 48301 13855648382976 00000100011000000110001010
00000110000110000010 20 20 48388 13840397893632 00000100011000011000001010
00000001111000000010 20 20 46439 13749280833536 00000001000110000000101110
00010110001000000010 20 20 46591 13736060387328 00010001011000100000001010
00000001010110101010 20 20 42368 13692590620672 00000001000101011010101010
00000001100110011010 20 20 42201 13682222301184 00000001000110011001101010
00000001100101101010 20 20 42140 13657626902528 00000001000110010110101010
00000001011001101010 20 20 41962 13646050623488 00000001000101100110101010
00000001100000011010 20 20 46429 13619106414592 00000001000110000001101010
00000000011000011010 20 20 46539 13583052177408 00000000010001100001101010
00011000000110000010 20 20 46057 13554614796288 00010001100000011000001010
00000110000000011010 20 20 45528 13509500862464 00000100011000000001101010
00011000000001100010 20 20 45658 13460159070208 00010001100000000110001010
00000101100011000110 20 20 38956 13445630001152 000001000101110101000110
00000000011110000010 20 20 44938 13393066983424 00000000010001100000101110
00010110100000000010 20 20 43529 13387966709760 00010001011010000000001010
00011000011000000010 20 20 44926 13377782939648 00010001100001100000001010
00011001100000000010 20 20 43577 13317921832960 00010001100110000000001010
00010110000000001010 20 20 43501 13312133693440 00010001011000000000101010
00000000000111100010 20 20 44187 13265174265856 00000000000100011000101110
00000101011010100010 20 20 41143 13234773950464 00000100010101101010001010
00000101100110100010 20 20 41030 13227610079232 00000100010110011010001010
00011000000000011010 20 20 43439 13198937817088 00010001100000000001101010
00000001100001110110 20 20 38915 13168084516864 0000000110000100011010110
00010110011000100010 20 20 41300 13128087633920 00010001011001100010001010
00010101100010100010 20 20 41222 13121343193088 00010001010110001010001010
00011001100001110110 20 20 33486 13071061876736 0001100110000100011010110
00010110000111011010 20 20 33452 13069132496896 0001011000010001101011010
00000101011010001010 20 20 40966 12991604981760 00000100010101101000101010
00000110010110100010 20 20 40807 12972143411200 00000100011001011010001010
00000111001110000010 20 20 39102 12960349028352 0000010001100110000010110
00000101110000010110 20 20 38954 12948135215104 0000010001011000001010110
00000001110011100010 20 20 39411 12864937000960 0000000100011001100010110
00000001011100010110 20 20 39074 12828765323264 0000000100010110001010110
00000111000000000110 20 20 41929 12745281896448 00000100011000000000110110
00000101100110001010 20 20 40222 12729024774144 00000100010110011000101010
00000000011000001110 20 20 41941 12725870657536 00000000010001100000111010
00000110011001100010 20 20 40204 12703087198208 00000100011001100110001010
00000110010110001010 20 20 39956 12686544863232 00000100011001011000101010
00000101011000101010 20 20 39874 12680639283200 00000100010101100010101010
00000000000000111110 20 20 39581 12675455123456 00000000000000010010111110
00011000000000001110 20 20 39796 12581922144256 00010001100000000000111010
00000001110000000110 20 20 41068 12563752419328 00000001000110000000110110
00010101101010000010 20 20 36446 12540180430848 00010001010110101000001010
00010110011010000010 20 20 36322 12532177698816 00010001011001101000001010
00000000011100000110 20 20 40072 12342897147904 00000000010001100000110110
00000101101000011010 20 20 37572 12304074670080 00000100010110100001101010
00010101101000001010 20 20 36210 12294293553152 00010001010110100000101010
00011001011010000010 20 20 36149 12290418016256 00010001100101101000001010
00000101100010011010 20 20 37856 12279999365120 00000100010110001001101010
00000101101001100010 20 20 37852 12279764484096 00000100010110100110001010
00000001100000001110 20 20 39363 12259732488192 00000001000110000000111010
00011000000111100010 20 20 36741 12178849529856 00010001100000011110001010
00000110000110011010 20 20 37160 12134373130240 00000100011000011001101010
00000110000101101010 20 20 37157 12134037585920 00000100011000010110101010
00011000000000111110 20 20 34583 12099090644992 00010001100000000011111010
00011001100110000010 20 20 35741 12050336055296 00010001100110011000001010
00000001110000011110 20 20 34755 12042232659968 0000000100011000001110110
00011001011000001010 20 20 35592 12041075032064 00010001100101100000101010
00010110011000001010 20 20 35562 12039397310464 00010001011001100000101010
00010101100000101010 20 20 35553 12037937692672 00010001010110000010101010
00000110000000001110 20 20 38398 12018459344896 00000100011000000000111010
00000000010111011010 20 20 34213 11992001675264 0000000001010001101011010
00000000011001110110 20 20 34095 11982774206464 0000000001100100011010110
00000110000001110110 20 20 34594 11975828439040 0000011000000100011010110
00011000000110011010 20 20 35428 11910581846016 00010001100000011001101010
00011000000101101010 20 20 35422 11910246301696 00010001100000010110101010
00011000010110100010 20 20 36284 11854243954688 00010001100001011010001010
00000000000001111010 20 20 37927 11852146802688 00000000000001001001111010
00011000000001110110 20 20 33216 11780424204288 0001100000000100011010110
00011000010110001010 20 20 36423 11750258769920 00010001100001011000101010
00000000000110001110 20 20 37112 11738682490880 00000000000100100110001110
00000001111000011010 20 20 35091 11736602116096 00000001000110000110101110
00000110011000011010 20 20 35693 11731602505728 00000100011001100001101010
00000110000111100010 20 20 35366 11724103090176 00000100100110000111100010
00000101100001101010 20 20 35551 11722274373632 00000100010110000110101010
00011000011001100010 20 20 36409 11717325094912 00010001100001100110001010
00000001100111100010 20 20 35677 11698920488960 00000001001001100111100010
00000001011110001010 20 20 35550 11690817093632 00000001001001011110001010
00010110100000011010 20 20 33919 11685549047808 00010001011010000001101010
00000110011000001110 20 20 34613 11685247057920 00000100011001100000111010
00000101100000111010 20 20 34303 11640401559552 00000100010110000011101010
00010110100001100010 20 20 34438 11604464762880 00010001011010000110001010
00010110000010011010 20 20 33444 11594448764928 00010001011000001001101010
00010110100110000010 20 20 33396 11590623559680 00010001011010011000001010
00000110000000111110 20 20 32435 11515209973760 00000100100110000000111110
00000000000001101110 20 20 36125 11508364869632 00000000000001001001101110
00011001100001100010 20 20 34790 11496939585536 00010001100110000110001010
00010110000110001010 20 20 34715 11491419881472 00010001011000011000101010
00011000011001110110 20 20 28381 11486520934400 0001100001100100011010110
00011000010111011010 20 20 28217 11476723040256 0001100001010001101011010
00000001100000111110 20 20 32191 11401879879680 00000001001001100000111110
00011001100000011010 20 20 32798 11325610655744 00010001100110000001101010
00010110000011100010 20 20 32446 11325442883584 00010001011000001110001010
00010110000001101010 20 20 32700 11318681665536 00010001011000000110101010
00010110001000011010 20 20 33213 11317322711040 00010001011000100001101010
00000000000111000110 20 20 35587 11286888841216 00000000000100100111000110
00010110000110100010 20 20 33111 11279792078848 00010001011000011010001010
00000101110110011010 20 20 27593 11254726918144 0000010100011010110011010
00011000011000011010 20 20 33508 11250415173632 00010001100001100001101010
00000000011000111110 20 20 31694 11231305924608 00000000010010011000111110
00000101101000001110 20 20 31961 11120492412928 00000100010110100000111010
00000000000110111110 20 20 31070 11034827948032 00000000000100100110111110
00000000000111111010 20 20 30774 11017027321856 00000000000100100111111010
00000110000001111010 20 20 31497 10871401086976 00000100011000000111101010
00011000011100000110 20 20 30557 10857912205312 00010001100001110000011010
00000111000011000110 20 20 31719 10831320317952 00000100011000011000110110
00000111000011100010 20 20 31911 10767264907264 00000100100111000011100010
00000001011000101110 20 20 32005 10726647267328 00000001001001011000101110
00000001111001100010 20 20 31989 10725808406528 00000001001001111001100010
00000110000110001110 20 20 30705 10616873943040 00000100011000011000111010
00010110001000001110 20 20 29763 10585601212416 00010001011000100000111010
00000101100010001110 20 20 31019 10585416663040 00000100100101100010001110
00000101110001000110 20 20 30905 10579662077952 00000100100101110001000110
00000001011101101110 20 20 24148 10533591842816 000001000011001011010110
00000001111001110110 20 20 24120 10531746349056 000001000011001110011010
00000101100011100010 20 20 30103 10474183720960 00000100011000100110001110
00011000011000001110 20 20 29463 10441904357376 00010001100001100000111010
00000110011001110110 20 20 25047 10402595340288 0000011001100100011010110
00000101011101101010 20 20 25010 10399541886976 0000010101000110101101010
00000001011011100010 20 20 30054 10352095920128 00000001000110001001101110
00000001011110100010 20 20 30038 10351089287168 00000001000110001001111010
00000110010111011010 20 20 24920 10349143130112 0000011001010001101011010
00000101100111011010 20 20 24861 10345485697024 0000010110010001101011010
00010110001100000110 20 20 27717 10340452532224 00010001011000110000011010
00000110000001101110 20 20 29466 10327164977152 00000100011000000110111010
00000101101001110110 20 20 25340 10317652295680 0000010110100100011010110
00010110100000001110 20 20 27121 10244151312384 00010001011010000000111010
00000101110000011010 20 20 28877 10227306987520 00000100100101110000011010
00000110011100000110 20 20 28873 10226518458368 00000100100110011100000110
00000001011010001110 20 20 28423 10187763089408 00000001001001011010001110
00000000011110011010 20 20 28461 10163738116096 00000000010010011110011010
00000000010110101110 20 20 28457 10163486457856 00000000010010010110101110
00000111000000111010 20 20 28906 10121878962176 00000100011000000111010110
00000111000000011110 20 20 27754 10110235574272 00000100100111000000011110
00000111000000110110 20 20 28608 10085002641408 00000100011000000110110110
00000000011100111010 20 20 28281 10050592571392 00000000010001100110110110
00000001110011000110 20 20 28351 10049837596672 00000001001001110011000110
00000000011100110110 20 20 28189 10042405289984 00000000010001100111010110
00000001011000110110 20 20 28152 10025359638528 00000001001001011000110110
00000000010111010110 20 20 28068 10024235565056 00000000010001011011010110
00000000010110110110 20 20 28096 10023312818176 00000000010001011101010110
00000101110001100010 20 20 28462 10005646409728 00000100011000100111000110
00011001100000001110 20 20 26700 9992878948352 00010001100110000000111010
00010110000000111010 20 20 26607 9985933180928 00010001011000000011101010
00000001100110001110 20 20 27474 9932816515072 00000001001001100110001110
00000001011000111010 20 20 27340 9925585534976 00000001001001011000111010
00000000011100011110 20 20 26639 9883088846848 0000000100001100110001110
00000001011011101110 20 20 23156 9872351428608 0000000100010111010101110
00000001111001111010 20 20 23012 9860489936896 0000000100011001101101110
00000001011110101110 20 20 22930 9851077918720 0000000100010110110101110
00000001111001101110 20 20 22866 9843930824704 0000000100011001110101110
00011000000001101110 20 20 27565 9827958915072 00010001100000000110111010
00010110000011000110 20 20 26075 9809537531904 00010001011000001100011010
00000000011111000110 20 20 26692 9806031093760 00000000010010011111000110
00000000000111110110 20 20 26474 9794085715968 0000000001000011001111010
00011000000110001110 20 20 26665 9776503193600 00010001100000011000111010
00000110000111000110 20 20 27150 9773449740288 00000100011000011100011010
00000001100001101110 20 20 27595 9761990901760 00000001001001100001101110
00000101100000110110 20 20 27269 9758350245888 00000100100101100000110110
00000111001100000110 20 20 27264 9757997924352 00000100100111001100000110
00000000010111101010 20 20 26840 9703320977408 00000000010010010111101010
00000001100001111010 20 20 27094 9699344777216 00000001001001100001111010
00000000011001101110 20 20 26854 9694831706112 00000000010010011001101110
00000000011001111010 20 20 26825 9693170761728 00000000010010011001111010
00000000010110111010 20 20 26694 9684949925888 00000000010010010110111010
00000001110011101110 20 20 21628 9595762245632 000001000011001100110110
00000001011110110110 20 20 21626 9595560919040 000001000011001011101010
00000001110011110110 20 20 21555 9590259318784 000001000011001100111010
00000001011101110110 20 20 21549 9590242541568 000001000011001011011010
00011000000001111010 20 20 25987 9579555454976 00010001100000000111101010
00000001111000001110 20 20 25814 9526203908096 00000001001001111000001110
00000001011100011010 20 20 26016 9490854313984 00000001001001011100011010
00000001100111000110 20 20 25976 9487633088512 00000001001001100111000110
00000000000111011110 20 20 25299 9476241358848 0000000001000011001101110
00000101101100000110 20 20 25800 9468137963520 00000100011000001100110110
00000101110100000110 20 20 25769 9466527350784 00000100011000001100111010
00000000011110001110 20 20 25101 9418661953536 0000000100001100111000110
00000001110000111010 20 20 25690 9280619020288 00000001001001110000111010
00011000000111000110 20 20 24851 9276793815040 00010001100000011100011010
00000001011101000110 20 20 25186 9275283865600 00000001001001011101000110
00000001011011000110 20 20 25122 9262247968768 00000001001001011011000110
00000001110000110110 20 20 25586 9249396621312 00000001001001110000110110
00011000011100110110 20 20 21934 9203796148224 00010001100001110011011010
00011000011100111010 20 20 21903 9157340037120 00010001100001110011101010
00011000010110110110 20 20 21875 9154521464832 00010001100001011011011010
00011000010111010110 20 20 21667 9140025950208 00010001100001011101011010
00000111000011110110 20 20 21048 8884626391040 0000011100100001100111010
00000111000011101110 20 20 20893 8870650970112 0000011100100001100110110
00000101011010110110 20 20 21266 8807585415168 00000100100101011010110110
00000111001110011010 20 20 21249 8807132430336 00000100100111001110011010
00000111001011010110 20 20 21066 8749351698432 00000100100111001011010110
00000101110011010110 20 20 21059 8749116817408 00000100100101110011010110
00000110010110110110 20 20 20079 8508749643776 00000100100110010110110110
00000101110011101010 20 20 20067 8507273248768 00000100100101110011101010
00000101011011011010 20 20 20058 8506652491776 00000100100101011011011010
00000110011100111010 20 20 20058 8506635714560 00000100100110011100111010
00000110011100110110 20 20 19965 8499287293952 00000100100110011100110110
00000101011101011010 20 20 19940 8498985304064 00000100100101011101011010
00000110010111010110 20 20 19955 8498632982528 00000100100110010111010110
00000101110011011010 20 20 19952 8498364547072 00000100100101110011011010
00000111001011101010 20 20 19385 8279790977024 00000100100111001011101010
00000111001100111010 20 20 19397 8279421878272 00000100100111001100111010
00000101100110110110 20 20 19392 8278885007360 00000100100101100110110110
00000101011101010110 20 20 19362 8277760933888 00000100100101011101010110
00000101011011010110 20 20 19360 8277660270592 00000100100101011011010110
00000111001100110110 20 20 19322 8273986060288 00000100100111001100110110
00000101100111010110 20 20 19294 8271888908288 00000100100101100111010110
00000111001011011010 20 20 19291 8271788244992 00000100100111001011011010
00000101101100111010 20 20 18600 7975267729408 00000100100101101100111010
00000101110100110110 20 20 18600 7975032848384 00000100100101110100110110
