# qALC finite-clock convergence census
# generated 2026-08-18; invocation=p-h-t support=100000 matrix=false
# threads=18 retry-threads=8 groups=64 per-size-budget=900s
# n steps wall-s programs gate1 cons halt error running cap peak omega-lower-exact bracket-upper-exact report-sha256
25 1024 32.783 14334 14157 177 6074 8252 23 0 3 (12133,0,0,0,52) (12179,0,0,0,52) 27c1954c931ab0442234f749eadd3de7906b23adcc72e067166df962179f3618
25 4096 37.389 14334 14157 177 6074 8252 23 0 3 (12133,0,0,0,52) (12179,0,0,0,52) 1615df87d1fde5430a20f55fba93563194ed12a4e366de764712669b280bd2e4
# stable n=25 clocks=1024/4096 charged=73s
26 1024 89.831 27465 27087 378 11504 15943 64 0 4 (22961,0,0,0,54) (23089,0,0,0,54) 089e67e2e8794f5d194a61b0790bacd20d93c07608bd0798f2551b2fa07f61a1
26 4096 105.746 27465 27087 378 11504 15943 64 0 4 (22961,0,0,0,54) (23089,0,0,0,54) 16f79a9c9d041fee04e034e0f39f38f36b77a7f2b651a23369ddccdc6a8bc9c0
# stable n=26 clocks=1024/4096 charged=197s
27 1024 69.666 47146 46563 583 19295 27894 45 0 4 (9625,0,0,0,52) (19295,0,0,0,54) 3f7ad5ee202dbbee03acd6d3690613f48e7ef4cd77d16d729d4f6674ef1dceb6
27 4096 94.840 47146 46563 583 19295 27894 45 0 4 (9625,0,0,0,52) (19295,0,0,0,54) cd43a3fa8ec20f3e48dfe4b063bdacd8baf890826c24b73f9e4a865a4ab53468
# stable n=27 clocks=1024/4096 charged=167s
28 1024 238.985 89270 88108 1162 36210 53017 255 0 4 (4513,0,0,0,50) (36359,0,0,0,56) 8d0e85cbe45db8c67f4d996cdfec284c5f9acedbd979786f6b59bcb4feca2fa2
28 4096 289.214 89270 88108 1162 36210 53023 249 0 4 (4513,0,0,0,50) (36353,0,0,0,56) 2fd91461539e59dcd7dd70f0805a40ceeddf72f28b55d960f62b5a275793123f
28 8192 356.500 89270 88108 1162 36210 53025 247 0 4 (4513,0,0,0,50) (36351,0,0,0,56) e5a54a254cf4624adb59338863fbf834150ba90ef1bf1b93e3f92983bfddabcf
# unresolved n=28 last-complete=8192 next=16384 checkpoint-groups=1/64 charged=901s
